Manufacturer;StockName;LabelWidth;LabelHeight;PaperWidth;PaperHeight;NumberOfRows;NumberOfColumns;HorizontalGap;VerticalGap;LeftMargin;TopMargin
Agipa;119002 Multi-Usage;4.1341;1.5349;8.2677;11.6929;2;7;0.0000;0.0000;0.0000;0.4718
Agipa;119003 Multi-Usage;4.1341;2.7559;8.2677;11.6929;2;4;0.0000;0.0000;0.0000;0.3348
Agipa;119005 Multi-Usage;4.1341;1.3779;8.2677;11.6929;2;8;0.0000;0.0000;0.0000;0.3348
Agipa;119006 Multi-Usage;2.7561;1.3779;8.2677;11.6929;3;8;0.0000;0.0000;0.0000;0.3348
Agipa;119008 Multi-Usage;4.1341;1.6539;8.2677;11.6929;2;7;0.0000;0.0000;0.0000;0.1148
Agipa;119012 Multi-Usage;4.1341;1.4569;8.2677;11.6929;2;8;0.0000;0.0000;0.0000;0
Agipa;119013 Multi-Usage;4.1341;2.2439;8.2677;11.6929;2;5;0.0000;0.0000;0.0000;0.2358
Agipa;119014 Multi-Usage;4.1341;5.8459;8.2677;11.6929;2;2;0.0000;0.0000;0.0000;0
Agipa;119015 Multi-Usage;2.7561;1.4569;8.2677;11.6929;3;8;0.0000;0.0000;0.0000;0
Agipa;119030 Multi-Usage;2.7561;1.2199;8.2677;11.6929;3;9;0.0000;0.0000;0.0000;0.3538
Agipa;119031 Multi-Usage;2.7561;1.2199;8.2677;11.6929;3;9;0.0000;0.0000;0.0000;0.3538
Agipa;119063 Laser;2.7559;1.6539;8.2677;11.6929;3;7;0.0000;0.0000;0.0000;0.1148
Agipa;119065 Special Laser;4.1339;1.6539;8.2677;11.6929;2;7;0.0000;0.0000;0.0000;0
Agipa;119080 Ink Jet Laser;2.4999;1.4999;8.2677;11.6929;3;7;0.0990;0.0000;0.2848;0.5118
Agipa;119081 Burotic;2.4999;1.8349;8.2677;11.6929;3;6;0.0985;0.0000;0.0278;0.0348
Agipa;119082 Ink Jet Laser;3.9019;1.3349;8.2677;11.6929;2;8;0.0979;0.0000;0.1828;0.5118
Agipa;119083 Ink Jet Laser;3.9019;1.4999;8.2677;11.6929;2;7;0.0979;0.0000;0.1828;0.5118
Agipa;119084 Burotic;2.4999;2.8349;8.2677;11.6929;3;4;0.0985;0.0000;0.0278;0.0198
Agipa;119085 Ink Jet Laser;3.9019;2.6649;8.2677;11.6929;2;4;0.0979;0.0000;0.1828;0.5118
Agipa;119098 Laser;1.9689;0.7869;8.2677;11.6929;4;14;0.0000;0.0000;0.1968;0.5121
Agipa;119099 Laser;2.1649;1.1809;8.2677;11.6929;3;9;0.3945;0.0000;0.4918;0.5121
Agipa;119602 Ink Jet Laser;1.9689;0.7869;8.2677;11.6929;4;14;0.0000;0.0000;0.1964;0.5121
Agipa;119603 Ink Jet Laser;1.9689;0.9839;8.2677;11.6929;4;11;0.0000;0.0000;0.1972;0.5121
Agipa;119606 Ink Jet Laser;2.5589;1.5749;8.2677;11.6929;3;7;0.0000;0.0000;0.2952;0.5121
Agipa;119608 Ink Jet Laser;3.9369;1.9689;8.2677;11.6929;2;5;0.0000;0.1567;0.1969;0.5121
Agipa;119622 Media;4.7239;0.6299;8.2677;11.6929;1;16;0.0000;0.0000;1.7639;0.5121
Agipa;119623 Media;3.5039;1.6139;8.2677;11.6929;2;7;0.0000;0.0000;0.6209;0.1971
Agipa;119650 Diskette;2.7559;2.8309;8.2677;11.6929;2;4;1.3378;0.0000;0.7089;0.1851
Agipa;119715 Laser;2.4999;1.4999;8.2677;11.6929;3;7;0.0989;0.0000;0.2849;0.5121
Agipa;119716 Laser;2.4999;1.8349;8.2677;11.6929;3;6;0.0989;0.0000;0.2849;0.5121
Agipa;119717 Laser;3.9019;1.3349;8.2677;11.6929;2;8;0.0978;0.0000;0.1829;0.5121
Agipa;119718 Laser;3.9019;1.4999;8.2677;11.6929;2;7;0.0978;0.0000;0.1829;0.5121
Agipa;119719 Laser;3.9019;2.6649;8.2677;11.6929;2;4;0.0980;0.0000;0.1829;0.5121
AOne;28171 Address;3.5511;1.6651;8.2677;11.6929;2;6;0.0989;0.0000;0.6498;0.7871
AOne;28173 Address;3.7991;1.7521;8.2677;11.6929;2;5;0.0989;0.0000;0.2758;0.9171
AOne;28175 Address;3.2991;1.6651;8.2677;11.6929;2;6;0.1509;0.0000;0.7988;0.7871
AOne;28177 Address;3.5041;1.8901;8.2677;11.6929;2;5;0.0789;0.0000;0.3938;0.9841
AOne;28179 Address;3.3071;1.6541;8.2677;11.6929;2;6;0.0800;0.0000;0.7867;0.9061
AOne;28181 Address;3.2519;1.4021;8.2677;11.6929;2;7;0.0990;0.0000;0.7987;0.7091
AOne;28183 Address;3.2989;1.6651;8.2677;11.6929;2;6;0.1500;0.0000;0.7597;0.8461
AOne;28185 Address;2.7559;1.6651;8.2677;11.6929;3;6;0.0000;0.0000;0.0000;0.8461
AOne;28187 Address;3.3069;1.6541;8.2677;11.6929;2;6;0.0800;0.0000;0.7867;0.8861
AOne;28189 Address;3.2678;1.4171;8.2677;11.6929;2;7;0.0780;0.0000;0.8267;0.9841
AOne;28204 Address;1.652;2.9220;8.2677;11.6929;5;4;0.0000;0.0000;0.0000;0
AOne;28311 Address;3.3068;1.6541;8.2677;11.6929;2;6;0.1971;0.0000;0.5906;0.5911
AOne;28313 Address ;3.3068;1.8901;8.2677;11.6929;2;5;0.0801;0.0000;0.7866;0.9842
AOne;28315 Address;2.5198;1.3351;8.2677;11.6929;3;7;0.0000;0.0000;0.2756;0.9252
AOne;28382 Address;3.4018;1.6651;8.2677;11.6929;2;6;0.0000;0.0000;0.7319;0.8352
AOne;28383 Address;2.7558;1.6651;8.2677;11.6929;3;7;0.0000;0.0000;0.0000;0.0002
AOne;28384 Address;2.7558;1.6651;8.2677;11.6929;3;6;0.0000;0.0000;0.0000;0.8352
AOne;28385 Address;2.7558;1.5001;8.2677;11.6929;3;7;0.0000;0.0000;0.0000;0.5832
AOne;28386 Address;2.7558;1.3351;8.2677;11.6929;3;8;0.0000;0.0000;0.0000;0.5002
AOne;28387 Address;3.4018;2.0001;8.2677;11.6929;2;5;0.0000;0.0000;0.7319;0.8352
AOne;28388 Address;1.9018;1.0001;8.2677;11.6929;4;11;0.0000;0.0000;0.3309;0.3462
AOne;28389 Address;2.5978;1.3351;8.2677;11.6929;3;8;0.0000;0.0000;0.2359;0.5082
AOne;28390 Address;2.4998;1.8311;8.2677;11.6929;3;6;0.1009;0.0000;0.2829;0.3542
AOne;28441A Video Spine;5.8268;0.7871;8.2677;11.6929;1;12;0.0000;0.0000;1.2199;0.9842
AOne;28441B Video Face;3.0308;1.8501;8.2677;11.6929;2;5;0.3158;0.0000;0.9449;0.9842
AOne;28445 Folder;7.4798;0.5509;8.2677;11.6929;1;13;0.0000;0.2364;0.3939;0.7867
AOne;28446 Folder;7.4798;0.6689;8.2677;11.6929;1;11;0.0000;0.2760;0.3939;0.7867
AOne;28848 Sticker;0.7478;0.7479;8.2677;11.6929;7;8;0.2363;0.4330;0.8068;1.3387
AOne;28849 Sticker;0.6299;0.7479;8.2677;11.6929;7;8;0.3543;0.4330;0.8658;1.3387
AOne;28856 Video Spine;5.8269;0.7869;8.2677;11.6929;1;12;0.0000;0.0000;1.2198;0.9837
AOne;28857 Address;2.4999;1.8309;8.2677;11.6929;3;6;0.1010;0.0000;0.2828;0.3537
AOne;28911 Address;3.5039;1.8899;8.2677;11.6929;2;5;0.0789;0.0000;0.3938;0.9837
AOne;28915 Address;3.2992;1.6649;8.2677;11.6929;2;6;0.1499;0.0000;0.7598;0.8457
AOne;28919 Address;3.4022;1.6649;8.2677;11.6929;2;6;0.0000;0.0000;0.7318;0.8347
AOne;28923 Address;2.7562;1.6649;8.2677;11.6929;3;7;0.0000;0.0000;0.0000;0
AOne;28927 Address;2.7562;1.6649;8.2677;11.6929;3;6;0.0000;0.0000;0.0000;0.8348
AOne;28931 Address;2.7562;1.4999;8.2677;11.6929;3;7;0.0000;0.0000;0.0000;0.5828
AOne;28935 Address;2.7562;1.3349;8.2677;11.6929;3;8;0.0000;0.0000;0.0000;0.4998
AOne;28939 Address;3.4022;1.9999;8.2677;11.6929;2;5;0.0000;0.0000;0.7318;0.8348
AOne;28943 Address;1.9022;0.9999;8.2677;11.6929;4;11;0.0000;0.0000;0.3308;0.3458
AOne;28947 Address;2.5982;1.3352;8.2677;11.6929;3;8;0.0000;0.0000;0.2358;0.5078
AOne;29080 Diskette;2.7992;2.7482;8.2677;11.6929;2;3;1.0999;0.0000;0.7828;1.7198
AOne;29081 Diskette;2.7992;2.7482;8.2677;11.6929;2;3;1.0995;0.0000;0.7832;1.7198
AOne;29090 Diskette;2.7992;2.7482;8.2677;11.6929;2;3;1.1035;0.0000;0.7832;1.7198
AOne;29100 Diskette;3.2992;1.2482;8.2677;11.6929;2;8;0.1495;0.0000;0.7602;0.8458
APLI;1270 Address;2.7559;1.0002;8.2677;11.6929;3;11;0.0000;0.0000;0.0000;0.3458
APLI;1271 Address;2.7562;1.1812;8.2677;11.6929;3;9;0.0000;0.0000;0.0000;0.5308
APLI;1272 Address;2.7562;1.3782;8.2677;11.6929;3;8;0.0000;0.0000;0.0000;0.3348
APLI;1273 Address;2.7562;1.4572;8.2677;11.6929;3;8;0.0000;0.0000;0.0000;0.0198
APLI;1274 Address;4.1342;1.4572;8.2677;11.6929;2;8;0.0000;0.0000;0.0000;0.0198
APLI;1275 Address;4.1342;1.5752;8.2677;11.6929;2;7;0.0000;0.0000;0.0000;0.3349
APLI;1276 Address;2.7562;1.6692;8.2677;11.6929;3;7;0.0000;0.0000;0.0000;0.0039
APLI;1277 Address;4.1342;1.6692;8.2677;11.6929;2;7;0.0000;0.0000;0.0000;0.0039
APLI;1278 Shipping;4.1342;2.2442;8.2677;11.6929;2;5;0.0000;0.0000;0.0000;0.2359
APLI;1279 Shipping;4.1342;2.9132;8.2677;11.6929;2;4;0.0000;0.0000;0.0000;0.0199
APLI;1280 Parcel;4.1342;5.8272;8.2677;11.6929;2;2;0.0000;0.0000;0.0000;0.0199
APLI;1283 Index;1.4962;0.8352;8.2677;11.6929;5;13;0.0000;0.0000;0.3942;0.4209
APLI;1287 Address;4.1342;1.3782;8.2677;11.6929;2;8;0.0000;0.0000;0.0000;0.3349
APLI;1984 Address;4.1342;1.4572;8.2677;11.6929;2;8;0.0000;0.0000;0.0000;0
APLI;1985 Address;4.1342;1.5752;8.2677;11.6929;2;7;0.0000;0.0000;0.0000;0.3352
APLI;1994 Diskette;2.7562;2.0472;8.2677;11.6929;2;5;0.9135;0.0000;0.9172;0.7282
APLI;1995 Diskette;2.7562;2.7562;8.2677;11.6929;2;4;1.3375;0.0000;0.7092;0.3352
APLI;1996 Video Face;3.0002;1.8352;8.2677;11.6929;2;6;0.0975;0.0000;1.0832;0.3742
APLI;2000 Video Spine;5.7012;0.6649;8.2677;11.6929;1;16;0.0000;0.0000;1.2832;0.5242
APLI;2008 Audio Cassette;3.5042;1.6539;8.2677;11.6929;2;6;0.1014;0.0000;0.5793;0.9132
APLI;2011 Cartridge;2.8352;0.8349;8.2677;11.6929;2;12;0.8654;0.0000;0.8663;0.8502
APLI;2012 Cartridge;4.0942;1.1649;8.2677;11.6929;1;9;0.0000;0.0000;2.0873;0.6022
APLI;3051 Price;1.4492;0.9369;8.2677;11.6929;5;11;0.0981;0.0630;0.3154;0.4062
APLI;3052 Price;1.4962;0.8349;8.2677;11.6929;5;13;0.0000;0.0000;0.3944;0.421
APLI;3053 Price;1.9092;0.6649;8.2677;11.6929;4;17;0.0000;0.0000;0.3154;0.193
APLI;3054 Price;1.9092;0.9999;8.2677;11.6929;4;11;0.0000;0.0000;0.3154;0.346
APLI;3055 Price;2.0672;0.8349;8.2677;11.6929;4;14;0.0000;0.0000;0.0004;0.003
APLI;3056 Address;2.5432;1.3309;8.2677;11.6929;3;8;0.0000;0.0000;0.3194;0.524
APLI;3057 Address;3.8192;1.6689;8.2677;11.6929;2;6;0.0000;0.0000;0.3151;0.839
APLI;3058 Parcel;4.1342;5.8269;8.2677;11.6929;2;2;0.0000;0.0000;0.0000;0.02
APLI;3059 Shipping;8.2682;5.8269;8.2677;11.6929;1;2;0.0000;0.0000;0.0000;0.02
Avery;3111 Sticker;2.4998;2.4999;8.5000;11.0000;3;3;0.1870;0.5001;0.3131;1.2499
Avery;3112 Sticker;1.4998;1.4999;8.5000;11.0000;4;5;0.5000;0.5000;0.5001;0.7499
Avery;3113 Sticker;2.4998;2.4999;8.5000;11.0000;3;3;0.1870;0.5001;0.3131;1.2499
Avery;5096 3 1/2" Diskette;2.7498;2.7499;8.5000;11.0000;3;3;0.0000;0.2503;0.1251;0.4995
Avery;5160 Laser Address;2.6248;0.9999;8.5000;11.0000;3;10;0.1250;0.0000;0.1891;0.4995
Avery;5161 Laser Address;3.9998;0.9999;8.5000;11.0000;2;10;0.1879;0.0000;0.1561;0.4995
Avery;5162 Laser Address;3.9998;1.3329;8.5000;11.0000;2;7;0.1879;0.0000;0.1561;0.8325
Avery;5163 Laser Address;3.9998;1.9999;8.5000;11.0000;2;5;0.1879;0.0000;0.1561;0.4995
Avery;5164 Laser Address;3.9998;3.3329;8.5000;11.0000;2;3;0.1879;0.0000;0.1561;0.4995
Avery;5167 Laser Address;1.7498;0.4999;8.5000;11.0000;4;20;0.3126;0.0000;0.2811;0.4995
Avery;5168 White Mailing Address;3.4998;4.9999;8.5000;11.0000;2;2;0.4999;0.0000;0.5001;0.4995
Avery;5196 3 1/2" Diskette;2.7498;2.7499;8.5000;11.0000;3;3;0.0000;0.2503;0.1251;0.4995
Avery;5198 Audio Cassette;3.4998;1.6669;8.5000;11.0000;2;6;0.4999;0.0000;0.5001;0.5003
Avery;5199 Video - Face;3.0628;1.8329;8.5000;11.0000;2;5;0.2369;0.0000;1.0691;0.9173
Avery;5199 Video - Spine;5.8128;0.6669;8.5000;11.0000;1;15;0.0000;0.0000;1.3441;0.5003
Avery;5260 Laser Address;2.6248;0.9999;8.5000;11.0000;3;10;0.1250;0.0000;0.1891;0.5003
Avery;5261 Laser Address;3.9998;0.9999;8.5000;11.0000;2;10;0.1879;0.0000;0.1561;0.5003
Avery;5262 Laser Address;3.9998;1.3329;8.5000;11.0000;2;7;0.1879;0.0000;0.1561;0.8333
Avery;5263 Laser Address;3.9998;1.9999;8.5000;11.0000;2;5;0.1879;0.0000;0.1561;0.5003
Avery;5264 Laser Address;3.9999;3.3329;8.5000;11.0000;2;3;0.1879;0.0000;0.1561;0.5003
Avery;5267 Laser Address;1.7499;0.4999;8.5000;11.0000;4;20;0.3126;0.0000;0.2811;0.5003
Avery;5293 Round;1.6251;1.6249;8.5000;11.0000;4;6;0.3750;0.0489;0.4381;0.5003
Avery;5294 Round;2.5001;2.5002;8.5000;11.0000;3;4;0.2500;0.0000;0.2501;0.5003
Avery;5660 Address;2.8331;1.0002;8.5000;11.0000;3;10;0.0000;0.0000;0.0001;0.4999
Avery;5661 Address;4.2501;1.0002;8.5000;11.0000;2;10;0.0000;0.0000;0.0001;0.4999
Avery;5662 Address;4.2501;1.3332;8.5000;11.0000;2;7;0.0000;0.0000;0.0001;0.8349
Avery;5663 Address;4.2501;2.0002;8.5000;11.0000;2;5;0.0000;0.0000;0.0001;0.4999
Avery;5664 Clear Mailing;4.2499;3.3332;8.5000;11.0000;2;3;0.0000;0.0000;0.0001;0.4999
Avery;5667 Clear Mailing;1.7499;0.5002;8.5000;11.0000;4;20;0.3000;0.0000;0.2999;0.4999
Avery;5896 3 1/2" Diskette;2.7499;2.7502;8.5000;11.0000;3;3;0.0000;0.2501;0.1249;0.4998
Avery;5920 Address;2.6249;1.0002;8.5000;11.0000;3;10;0.1251;0.0000;0.1889;0.4998
Avery;5922 Address;3.9999;1.3332;8.5000;11.0000;2;7;0.1881;0.0000;0.1559;0.8328
Avery;5923 White Address;3.9999;2.0002;8.5000;11.0000;2;5;0.1881;0.0000;0.1559;0.4998
Avery;5927 White Address;1.7499;0.5002;8.5000;11.0000;4;20;0.3127;0.0000;0.2809;0.4998
Avery;5930 Clear Address;2.8329;1.0002;8.5000;11.0000;3;10;0.0005;0.0000;0.0000;0.4998
Avery;5932 Clear Address;4.2499;1.3332;8.5000;11.0000;2;7;0.0000;0.0000;0.0000;0.8348
Avery;5960 Laser Address;2.6249;1.0002;8.5000;11.0000;3;10;0.1251;0.0000;0.1889;0.4998
Avery;5961 Laser Address;3.9999;1.0002;8.5000;11.0000;2;10;0.1881;0.0000;0.1559;0.4998
Avery;5962 Laser Address;3.9999;1.3332;8.5000;11.0000;2;7;0.1881;0.0000;0.1559;0.8328
Avery;5963 Laser Address;3.9999;2.0002;8.5000;11.0000;2;5;0.1881;0.0000;0.1559;0.4998
Avery;5970 Address;2.6249;1.0002;8.5000;11.0000;3;10;0.1251;0.0000;0.1889;0.4998
Avery;5971 Address;2.6249;1.0002;8.5000;11.0000;3;10;0.1251;0.0000;0.1889;0.4998
Avery;5972 Address;2.6250;1.0002;8.5000;11.0000;3;10;0.1251;0.0000;0.1889;0.4998
Avery;5979 Address;2.6250;1.0002;8.5000;11.0000;3;10;0.1251;0.0000;0.1889;0.4998
Avery;5980 Address;2.6250;1.0002;8.5000;11.0000;3;10;0.1251;0.0000;0.1889;0.4998
Avery;5997 Video - Face;3.0630;1.8332;8.5000;11.0000;2;5;0.2361;0.0000;1.0689;0.9198
Avery;5997 Video - Spine;5.8130;0.6672;8.5000;11.0000;1;15;0.0000;0.0000;1.3439;0.4998
Avery;5998 Audio Cassette;3.5000;1.6672;8.5000;11.0000;2;6;0.5001;0.0000;0.4999;0.4998
Avery;6490 Diskette;2.6880;2.0002;8.5000;11.0000;3;5;0.0931;0.0000;0.1248;0.5001
Avery;6875 Color Laser;7.7500;9.5002;8.5000;11.0000;1;1;0.0000;0.0000;0.3748;0.7501
Avery;6878 Color Laser;3.7500;4.7502;8.5000;11.0000;2;2;0.2502;0.2499;0.3748;0.6251
Avery;8160 Ink Jet Address;2.6250;1.0002;8.5000;11.0000;3;10;0.1251;0.0000;0.1888;0.5001
Avery;8161 Ink Jet Address;4.0000;1.0002;8.5000;11.0000;2;10;0.1882;0.0000;0.1558;0.5001
Avery;8162 Ink Jet Address;4.0000;1.3332;8.5000;11.0000;2;7;0.1882;0.0000;0.1558;0.8331
Avery;8163 Ink Jet Address;4.0000;2.0002;8.5000;11.0000;2;5;0.1882;0.0000;0.1558;0.5001
Avery;8164 Ink Jet Address;4.0000;3.3332;8.5000;11.0000;2;3;0.1882;0.0000;0.1558;0.5001
Avery;8167 Ink Jet Address;1.7500;0.5002;8.5000;11.0000;4;20;0.3127;0.0000;0.2808;0.5001
Avery;8196 Diskette;2.7500;2.7502;8.5000;11.0000;3;3;0.0000;0.2500;0.1248;0.5001
Avery;8253 Ink Jet Color;3.9999;2.0002;8.5000;11.0000;2;5;0.1882;0.0000;0.1558;0.5001
Avery;8254 Ink Jet Color;4.0001;3.3332;8.5000;11.0000;2;3;0.1882;0.0000;0.1558;0.5001
Avery;8257 Address;2.2501;0.7502;8.5000;11.0000;3;10;0.5001;0.2500;0.3748;0.6251
Avery;8460 Ink Jet Address;2.6251;1.0002;8.5000;11.0000;3;10;0.1249;0.0000;0.1892;0.5002
Avery;8462 Ink Jet Address;4.0001;1.3332;8.5000;11.0000;2;7;0.1878;0.0000;0.1562;0.8332
Avery;8463 Ink Jet Shipping;4.0001;2.0002;8.5000;11.0000;2;5;0.1878;0.0000;0.1562;0.5002
Avery;8660 Address;2.6251;1.0002;8.5000;11.0000;3;10;0.1244;0.0000;0.1882;0.5002
Avery;8662 Address;4.0001;1.3332;8.5000;11.0000;2;7;0.1878;0.0000;0.1562;0.8332
Avery;8663 Address;4.0001;2.0002;8.5000;11.0000;2;5;0.1878;0.0000;0.1562;0.5002
Avery;8667 Address;1.7501;0.5002;8.5000;11.0000;4;20;0.3126;0.0000;0.2812;0.5002
Avery;8763 Ink Jet Glossy;4.0001;2.0002;8.5000;11.0000;2;5;0.1878;0.0000;0.1562;0.5002
Avery;8765 Photo Quality;7.7501;9.5002;8.5000;11.0000;1;1;0.0000;0.0000;0.3752;0.7502
Avery;8768 Photo Quality;3.7501;4.7502;8.5000;11.0000;2;2;0.2498;0.2498;0.3752;0.6252
Avery;8769 Ink Jet Glossy Address;3.7501;1.2502;8.5000;11.0000;2;6;0.2498;0.2500;0.3752;1.1252
Avery;8920 Address;2.6249;1.0002;8.5000;11.0000;3;10;0.1249;0.0000;0.1892;0.5002
Avery;8922 Address;3.9999;1.3332;8.5000;11.0000;2;7;0.1878;0.0000;0.1562;0.8332
Avery;8923 Shipping;3.9999;2.0002;8.5000;11.0000;2;5;0.1878;0.0000;0.1562;0.5002
Avery;8925s for Zip Disk;2.3449;2.0002;8.5000;11.0000;2;3;1.2698;1.3119;1.2702;0.6572
Avery;8927 Address;1.7499;0.5002;8.5000;11.0000;4;20;0.3126;0.0000;0.2812;0.5002
Avery;8930 Address;2.6249;1.0002;8.5000;11.0000;3;10;0.1249;0.0000;0.1902;0.5002
Avery;8932 Address;3.9999;1.3332;8.5000;11.0000;2;7;0.1898;0.0000;0.1602;0.8352
Avery;C2160 Ink Jet White Address;2.4999;1.5002;8.2677;11.6929;3;7;0.1004;0.0000;0.2829;0.598
Avery;C2163 Ink Jet;3.8999;1.5002;8.2677;11.6929;2;7;0.0998;0.0000;0.1839;0.598
Avery;C2166 Address;2.7562;2.0472;8.2677;11.6929;2;4;0.2438;0.2863;1.2559;1.323
Avery;C2180 Rectangle;1.5002;0.8352;8.2677;11.6929;3;8;0.2999;0.3317;1.5839;1.346
Avery;C2241 Rectangle Sticker;3.0002;1.2502;8.2677;11.6929;2;6;0.2008;0.2502;1.0349;1.471
Avery;C2242 Sticker;2.0002;2.0002;8.2677;11.6929;3;4;0.1999;0.5003;0.9329;1.098
Avery;C2243 Ink Jet Round Sticker;1.5002;1.5002;8.2677;11.6929;4;5;0.1773;0.5002;0.8659;1.098
Avery;C2244 Ink Jet Round Sticker;2.8352;2.8352;8.2677;11.6929;2;3;0.2648;0.2630;1.1689;1.331
Avery;C2420 Bookmark;7.0082;1.4962;8.2677;11.6929;1;3;0.0000;2.0080;0.6296;1.181
Avery;C2651 Ink Jet Mini;1.5002;0.8332;8.2677;11.6929;5;13;0.1000;0.0000;0.1836;0.429
Avery;C6611 Mini Photo Stickers;0.6692;0.9452;4.1340;5.8270;4;4;0.1581;0.1577;0.4916;0.787
Avery;C6612 Mini Photo Stickers;1.4962;2.0472;4.1340;5.8270;2;2;0.1584;0.1590;0.4916;0.787
Avery;C6613 Mini Photo Stickers;0.6692;0.9452;4.1340;5.8270;4;4;0.1581;0.1577;0.4916;0.787
Avery;C6614 Mini Photo Stickers;4.1342;5.8269;4.1340;5.8270;1;1;0.0000;0.0000;0.0000;0
Avery;C9169 Ink Jet Glossy;3.9022;5.4719;8.2677;11.6929;2;2;0.1001;0.0000;0.1816;0.374
Avery;J8159 Ink Jet White Address;2.5202;1.3329;8.2677;11.6929;3;8;0.1044;0.0000;0.2499;0.541
Avery;J8160 Ink Jet White Address;2.5002;1.4999;8.2677;11.6929;3;7;0.1004;0.0000;0.2829;0.6251
Avery;J8161 Ink Jet White Address;2.5002;1.8329;8.2677;11.6929;3;6;0.1004;0.0000;0.2829;0.3751
Avery;J8162 Ink Jet White Address;3.9002;1.3329;8.2677;11.6929;2;8;0.0998;0.0000;0.1839;0.5411
Avery;J8163 Ink Jet White Address;3.9002;1.4999;8.2677;11.6929;2;7;0.0998;0.0000;0.1839;0.6251
Avery;J8164 Ink Jet White Address;2.5002;2.8329;8.2677;11.6929;3;4;0.1004;0.0000;0.2829;0.2091
Avery;J8165 Ink Jet White Address;3.9002;2.6669;8.2677;11.6929;2;4;0.0998;0.0000;0.1839;0.5421
Avery;J8166 Ink Jet White Address;3.9002;3.6669;8.2677;11.6929;2;3;0.0998;0.0000;0.1839;0.3751
Avery;J8168 Ink Jet White Address;7.8582;5.6499;8.2677;11.6929;1;2;0.0000;0.0000;0.1849;0.2241
Avery;J8171 Lever Arch;7.8739;2.3622;8.2677;11.6929;1;4;0.0000;0.0002;0.1971;1.1514
Avery;J8360 Address;2.5002;1.4999;8.2677;11.6929;3;7;0.1007;0.0000;0.2824;0.6251
Avery;J8362 Address;3.9002;1.3329;8.2677;11.6929;2;8;0.0996;0.0000;0.1841;0.5411
Avery;J8363 Address;3.9002;1.4999;8.2677;11.6929;2;7;0.0996;0.0000;0.1841;0.6251
Avery;J8365 Address;3.9002;2.6669;8.2677;11.6929;2;4;0.0996;0.0000;0.1841;0.5421
Avery;J8368 Shipping;7.8582;5.6499;8.2677;11.6929;1;2;0.0000;0.0000;0.1851;0.2241
Avery;J8440 Zip Disk Insert;3.8192;3.8778;8.2677;11.6929;1;2;0.0000;0.2748;2.2241;1.8311
Avery;J8560 Ink Jet Clear Address;2.5002;1.4998;8.2677;11.6929;3;7;0.1003;0.0000;0.2831;0.6251
Avery;J8562 Ink Jet Clear Address;3.9002;1.3328;8.2677;11.6929;2;8;0.0996;0.0000;0.1841;0.5411
Avery;J8563 Ink Jet Clear Address;3.9002;1.4998;8.2677;11.6929;2;7;0.0996;0.0000;0.1841;0.6249
Avery;J8565 Ink Jet Clear Address;3.8999;2.6668;8.2677;11.6929;2;4;0.0996;0.0000;0.1841;0.5419
Avery;J8651 Ink Jet Mini;1.4999;0.8328;8.2677;11.6929;5;13;0.0999;0.0000;0.1841;0.4579
Avery;J8655 Ink Jet Audio Cassette;3.5039;1.6538;8.2677;11.6929;2;6;0.0956;0.0000;0.5811;0.9149
Avery;J8657 35mm Slides;1.8109;0.4368;8.2677;11.6929;3;14;0.1893;0.0631;1.2331;2.4059
Avery;J8666 Diskette;2.7559;2.0468;8.2677;11.6929;2;5;0.9106;0.0000;0.9171;0.7579
Avery;J8671 Video Face;2.9999;1.8268;8.2677;11.6929;2;6;0.1006;0.0000;1.0831;0.3749
Avery;J8674 Video Spine;5.7089;0.6668;8.2677;11.6929;1;16;0.0000;0.0000;1.2831;0.5419
Avery;J8766 Diskette;2.7559;2.0468;8.2677;11.6929;2;5;0.9106;0.0000;0.9171;0.7579
Avery;L7159 Laser White Address;2.5199;1.3328;8.2677;11.6929;3;8;0.1043;0.0000;0.2501;0.5409
Avery;L7160 Laser White Address;2.4999;1.4998;8.2677;11.6929;3;7;0.1003;0.0000;0.2831;0.6249
Avery;L7161 Laser White Address;2.4999;1.8328;8.2677;11.6929;3;6;0.1003;0.0000;0.2831;0.3749
Avery;L7162 Laser White Address;3.8998;1.3333;8.2677;11.6929;2;8;0.0996;0.0000;0.1841;0.5409
Avery;L7163 Laser White Address;3.8998;1.4998;8.2677;11.6929;2;7;0.0996;0.0000;0.1841;0.6249
Avery;L7164 Laser White Address;2.4998;2.8328;8.2677;11.6929;3;4;0.1003;0.0000;0.2831;0.2089
Avery;L7165 Laser White Address;3.8998;2.6668;8.2677;11.6929;2;4;0.0996;0.0000;0.1841;0.5419
Avery;L7166 Laser White Address;3.8998;3.6668;8.2677;11.6929;2;3;0.0996;0.0000;0.1841;0.3749
Avery;L7168 Laser White Address;7.8578;5.6498;8.2677;11.6929;1;2;0.0000;0.0000;0.1851;0.2239
Avery;L7170 Folder/File;5.2758;0.4328;8.2677;11.6929;1;24;0.0000;0.0000;1.4961;0.6789
Avery;L7172 Ring Binder;3.9368;1.1808;8.2677;11.6929;2;9;0.0976;0.0000;0.1481;0.5609
Avery;L7173 Laser White Address;3.8998;2.2438;8.2677;11.6929;2;5;0.0996;0.0000;0.1841;0.2619
Avery;L7551 Laser Clear Mini;1.4998;0.8328;8.2677;11.6929;5;13;0.0999;0.0000;0.1842;0.4578
Avery;L7552 Laser Mini Barcode;2.1668;0.4998;8.2677;11.6929;2;10;1.9325;0.3334;1.0002;1.8748
Avery;L7553 Mini;0.8668;0.4998;8.2677;11.6929;4;12;0.9328;0.1667;1.0002;1.9598
Avery;L7560 Address;2.4998;1.4998;8.2677;11.6929;3;7;0.1003;0.0000;0.2832;0.6248
Avery;L7562 Laser Clear Address;3.8999;1.3328;8.2677;11.6929;2;8;0.0995;0.0000;0.1842;0.5408
Avery;L7563 Laser Clear Address;3.8999;1.4998;8.2677;11.6929;2;7;0.0995;0.0000;0.1842;0.6248
Avery;L7565 Laser Clear Address;3.9001;2.6668;8.2677;11.6929;2;4;0.0995;0.0000;0.1842;0.5418
Avery;L7568 Address;7.8581;5.6509;8.2677;11.6929;1;2;0.0000;0.0000;0.2052;0.1958
Avery;L7651 Laser White Address;1.5001;0.8329;8.2677;11.6929;5;13;0.0999;0.0000;0.1842;0.4578
Avery;L7653 Media;0.8661;0.4999;8.2677;11.6929;4;12;0.9338;0.1667;1.0002;1.9288
Avery;L7655 Audio Cassette;3.5041;1.6539;8.2677;11.6929;2;6;0.0955;0.0000;0.5812;0.9148
Avery;L7664 Laser 3.5" Diskette;2.7561;2.8329;8.2677;11.6929;2;4;1.3435;0.0000;0.7002;0.2068
Avery;L7666 3.5"Diskette;2.7561;2.0469;8.2677;11.6929;2;5;0.9105;0.0000;0.9172;0.7578
Avery;L7670 Laser Circular;2.5001;2.4999;8.2677;11.6929;3;4;0.1768;0.1770;0.2072;0.5808
Avery;L7671 Laser Video Face;3.0001;1.8269;8.2677;11.6929;2;6;0.1005;0.0000;1.0832;0.3748
Avery;L7674 Laser Video Spine;5.7091;0.6669;8.2677;11.6929;1;16;0.0000;0.0000;1.2832;0.5418
Avery;L7680 Address/Barcode;1.5001;0.8329;8.2677;11.6929;5;13;0.0999;0.0000;0.1842;0.4578
Avery;L7690 Address;1.5001;0.8329;8.2677;11.6929;5;13;0.0999;0.0000;0.1842;0.4578
Avery;L7702 Lever Arch;7.5589;1.5351;8.2677;11.6929;1;7;0.0000;0.0000;0.3538;0.4998
Comtec;LD-R2AL5B;2.0000;1.2500;2.0020;1.2520;1;1;0.0000;0.0000;0.0020;0.00195
Comtec;LD-R2AV5T;2.0000;1.2500;2.0020;1.2520;1;1;0.0000;0.0000;0.0020;0.00195
Comtec;LD-R2BF5W;2.0000;1.2500;2.0020;1.2520;1;1;0.0000;0.0000;0.0020;0.00195
Comtec;LD-R2GH5R;2.6250;1.1250;2.6270;1.1270;1;1;0.0000;0.0000;0.0020;0.00195
Comtec;LD-R2HG5M;2.6250;1.0620;2.6270;1.0640;1;1;0.0000;0.0000;0.0020;0.00195
Comtec;LD-R2QC5B;1.9060;1.0930;1.9080;1.0950;1;1;0.0000;0.0000;0.0020;0.00195
Comtec;LD-R2RL5G;2.0000;1.2500;2.0020;1.2520;1;1;0.0000;0.0000;0.0020;0.00195
Comtec;LD-R3AM5Y;3.0000;0.9370;3.0020;0.9390;1;1;0.0000;0.0000;0.0020;0.00195
Comtec;LD-R3AN5H;2.9060;1.0000;2.9080;1.0020;1;1;0.0000;0.0000;0.0020;0.00195
Comtec;LD-R3BZ5T;3.0000;0.9370;3.0020;0.9390;1;1;0.0000;0.0000;0.0020;0.00195
Comtec;LD-R3TU5B;2.9060;1.0000;2.9080;1.0020;1;1;0.0000;0.0000;0.0020;0.00195
Comtec;LD-R3TX9W;1.2500;1.1250;1.2520;1.1270;1;1;0.0000;0.0000;0.0020;0.00195
Comtec;LD-R4AD5M;1.1250;0.7500;1.1270;0.7520;1;1;0.0000;0.0000;0.0020;0.00195
Comtec;LD-R4AW5Y;2.0000;2.0000;2.0020;2.0020;1;1;0.0000;0.0000;0.0020;0.00195
Comtec;LD-R4EQ5B;4.0000;4.0000;4.0020;4.0020;1;1;0.0000;0.0000;0.0020;0.00195
Comtec;LD-R5AE5J;2.0000;6.0000;2.0020;6.0020;1;1;0.0000;0.0000;0.0020;0.00195
Comtec;LD-R5AN5F;3.0000;1.1250;3.0020;1.1270;1;1;0.0000;0.0000;0.0020;0.00195
Comtec;LD-R5BA5B;2.7500;1.1870;2.7520;1.1890;1;1;0.0000;0.0000;0.0020;0.00195
Comtec;LD-R5BN5B;2.0000;1.1250;2.0020;1.1270;1;1;0.0000;0.0000;0.0020;0.00195
Comtec;LD-R5FD5W;2.5620;0.8700;2.5640;0.8720;1;1;0.0000;0.0000;0.0020;0.00195
Comtec;LD-R5HA5N;2.7500;1.1870;2.7520;1.1890;1;1;0.0000;0.0000;0.0020;0.00195
Comtec;LD-R5IK5B;4.0000;6.0000;4.0020;6.0020;1;1;0.0000;0.0000;0.0020;0.00195
Comtec;LD-R5WE5A;2.5620;0.8700;2.5640;0.8720;1;1;0.0000;0.0000;0.0020;0.00195
Comtec;LD-R6AD5W;2.9370;4.9370;2.9390;4.9390;1;1;0.0000;0.0000;0.0020;0.00195
Comtec;LD-R6BD5F;2.9370;4.9370;2.9390;4.9390;1;1;0.0000;0.0000;0.0020;0.00195
Comtec;LD-R6TF5S;1.5000;2.7500;1.5020;2.7520;1;1;0.0000;0.0000;0.0020;0.00195
Comtec;LD-R7AM5R;2.0000;3.0000;2.0020;3.0020;1;1;0.0000;0.0000;0.0020;0.00195
Comtec;LD-R7AO5B;2.0000;2.0000;2.0020;2.0020;1;1;0.0000;0.0000;0.0020;0.00195
Comtec;LD-R7BK5B;2.0000;0.8120;2.0020;0.8140;1;1;0.0000;0.0000;0.0020;0.00195
Comtec;LD-R7BL5B;2.0000;1.0000;2.0020;1.0020;1;1;0.0000;0.0000;0.0020;0.00195
Comtec;LD-R7BZ5U;2.0000;1.0000;2.0020;1.0020;1;1;0.0000;0.0000;0.0020;0.00195
Comtec;LD-R7MT5R;2.0000;0.8120;2.0020;0.8140;1;1;0.0000;0.0000;0.0020;0.00195
Comtec;LD-R7MU5P;2.0000;1.0000;2.0020;1.0020;1;1;0.0000;0.0000;0.0020;0.00195
Comtec;LD-R9AK5D;4.0000;3.0000;4.0020;3.0020;1;1;0.0000;0.0000;0.0020;0.00195
Comtec;LD-R9FD5B;2.0000;6.0000;2.0020;6.0020;1;1;0.0000;0.0000;0.0020;0.00195
Comtec;LD-T2HE5T;2.0000;1.2500;2.0020;1.2520;1;1;0.0000;0.0000;0.0020;0.00195
Comtec;LD-T4HW5Q;2.0000;2.0000;2.0020;2.0020;1;1;0.0000;0.0000;0.0020;0.00195
Comtec;LD-T4TQ5B;4.0000;4.0000;4.0020;4.0020;1;1;0.0000;0.0000;0.0020;0.00195
Comtec;LD-T5HE5L;2.0000;6.0000;2.0020;6.0020;1;1;0.0000;0.0000;0.0020;0.00195
Comtec;LD-T5TT5B;4.0000;6.0000;4.0020;6.0020;1;1;0.0000;0.0000;0.0020;0.00195
Comtec;LD-T7HZ5M;2.0000;1.0000;2.0020;1.0020;1;1;0.0000;0.0000;0.0020;0.00195
Comtec;LD-T9TZ5B;4.0000;3.0000;4.0020;3.0020;1;1;0.0000;0.0000;0.0020;0.00195
Eltron;800026-001;8.5000;11.6900;8.5020;11.6920;1;1;0.0000;0.0000;0.0020;0.00195
Eltron;800127-023;5.0000;2.5000;5.0020;2.5020;1;1;0.0000;0.0000;0.0020;0.00195
Eltron;800127-071;8.0000;3.5000;8.0020;3.5020;1;1;0.0000;0.0000;0.0020;0.00195
Eltron;800127-090;8.5000;5.3700;8.5020;5.3720;1;1;0.0000;0.0000;0.0020;0.00195
Eltron;800127-101;1.1250;1.2500;2.2520;1.2520;2;1;0.0000;0.0000;0.0020;0.00195
Eltron;800127-153;8.0000;5.3800;8.0020;5.3820;1;1;0.0000;0.0000;0.0020;0.00195
Eltron;800150-300;1.0000;3.0000;1.0020;3.0020;1;1;0.0000;0.0000;0.0020;0.00195
Eltron;800212-085;1.2000;0.8500;1.2020;0.8520;1;1;0.0000;0.0000;0.0020;0.00195
Eltron;800212-105;1.2500;1.0000;1.2520;1.0020;1;1;0.0000;0.0000;0.0020;0.00195
Eltron;800222-075;2.2500;0.7500;2.2520;0.7520;1;1;0.0000;0.0000;0.0020;0.00195
Eltron;800222-125;2.2500;1.2500;2.2520;1.2520;1;1;0.0000;0.0000;0.0020;0.00195
Eltron;800222-205;2.2500;2.0000;2.2520;2.0020;1;1;0.0000;0.0000;0.0020;0.00195
Eltron;800222-305;2.2500;3.0000;2.2520;3.0020;1;1;0.0000;0.0000;0.0020;0.00195
Eltron;800222-405;2.2500;4.0000;2.2520;4.0020;1;1;0.0000;0.0000;0.0020;0.00195
Eltron;800227-075;2.2500;0.7500;2.2520;0.7520;1;1;0.0000;0.0000;0.0020;0.00195
Eltron;800230-105;3.0000;1.0000;3.0020;1.0020;1;1;0.0000;0.0000;0.0020;0.00195
Eltron;800230-205;3.0000;2.0000;3.0020;2.0020;1;1;0.0000;0.0000;0.0020;0.00195
Eltron;800240-105;4.0000;1.0000;4.0020;1.0020;1;1;0.0000;0.0000;0.0020;0.00195
Eltron;800240-155;4.0000;1.5000;4.0020;1.5020;1;1;0.0000;0.0000;0.0020;0.00195
Eltron;800240-205;4.0000;2.0000;4.0020;2.0020;1;1;0.0000;0.0000;0.0020;0.00195
Eltron;800240-305;4.0000;3.0000;4.0020;3.0020;1;1;0.0000;0.0000;0.0020;0.00195
Eltron;800240-405;4.0000;4.0000;4.0020;4.0020;1;1;0.0000;0.0000;0.0020;0.00195
Eltron;800240-500;4.0000;5.0000;4.0020;5.0020;1;1;0.0000;0.0000;0.0020;0.00195
Eltron;800240-505;4.0000;5.0000;4.0020;5.0020;1;1;0.0000;0.0000;0.0020;0.00195
Eltron;800240-605;4.0000;6.0000;4.0020;6.0020;1;1;0.0000;0.0000;0.0020;0.00195
Eltron;800262-075;2.2500;0.7500;2.2520;0.7520;1;1;0.0000;0.0000;0.0020;0.00195
Eltron;800262-125;2.2500;1.2500;2.2520;1.2520;1;1;0.0000;0.0000;0.0020;0.00195
Eltron;800262-205;2.2500;2.0000;2.2520;2.0020;1;1;0.0000;0.0000;0.0020;0.00195
Eltron;800262-405;2.2500;4.0000;2.2520;4.0020;1;1;0.0000;0.0000;0.0020;0.00195
Eltron;800264-125;4.0000;1.2500;4.0020;1.2520;1;1;0.0000;0.0000;0.0020;0.00195
Eltron;800264-305;4.0000;3.0000;4.0020;3.0020;1;1;0.0000;0.0000;0.0020;0.00195
Eltron;800264-405;4.0000;4.0000;4.0020;4.0020;1;1;0.0000;0.0000;0.0020;0.00195
Eltron;800264-505;4.0000;5.0000;4.0020;5.0020;1;1;0.0000;0.0000;0.0020;0.00195
Eltron;800264-605;4.0000;6.0000;4.0020;6.0020;1;1;0.0000;0.0000;0.0020;0.00195
Eltron;800266-243;4.0000;3.0000;8.0020;3.0020;2;1;0.0000;0.0000;0.0020;0.00195
Eltron;800266-405;6.0000;4.0000;6.0020;4.0020;1;1;0.0000;0.0000;0.0020;0.00195
Eltron;800266-654;6.5000;4.0000;6.5020;4.0020;1;1;0.0000;0.0000;0.0020;0.00195
Eltron;800266-856;8.5000;6.0000;8.5020;6.0020;1;1;0.0000;0.0000;0.0020;0.00195
Eltron;800266-858;8.5000;8.0000;8.5020;8.0020;1;1;0.0000;0.0000;0.0020;0.00195
Eltron;800266-997;8.5000;11.0000;8.5020;11.0020;1;1;0.0000;0.0000;0.0020;0.00195
Eltron;800268-835;8.0000;3.5000;8.0020;3.5020;1;1;0.0000;0.0000;0.0020;0.00195
Eltron;800268-995;8.0000;10.0000;8.0020;10.0020;1;1;0.0000;0.0000;0.0020;0.00195
Eltron;800272-125;2.2500;1.2500;2.2520;1.2520;1;1;0.0000;0.0000;0.0020;0.00195
Eltron;800274-155;4.0000;1.5000;4.0020;1.5020;1;1;0.0000;0.0000;0.0020;0.00195
Eltron;800274-305;4.0000;3.0000;4.0020;3.0020;1;1;0.0000;0.0000;0.0020;0.00195
Eltron;800274-405;4.0000;4.0000;4.0020;4.0020;1;1;0.0000;0.0000;0.0020;0.00195
Eltron;800274-505;4.0000;5.0000;4.0020;5.0020;1;1;0.0000;0.0000;0.0020;0.00195
Eltron;800274-605;4.0000;6.0000;4.0020;6.0020;1;1;0.0000;0.0000;0.0020;0.00195
Eltron;800276-243;4.0000;3.0000;8.0020;3.0020;2;1;0.0000;0.0000;0.0020;0.00195
Eltron;800276-405;6.0000;4.0000;6.0020;4.0020;1;1;0.0000;0.0000;0.0020;0.00195
Eltron;800276-654;6.0000;4.0000;6.0020;4.0020;1;1;0.0000;0.0000;0.0020;0.00195
Eltron;800276-856;8.5000;6.0000;8.5020;6.0020;1;1;0.0000;0.0000;0.0020;0.00195
Eltron;800276-993;6.5000;12.0000;6.5020;12.0020;1;1;0.0000;0.0000;0.0020;0.00195
Eltron;800276-994;8.0000;13.8700;8.0020;13.8720;1;1;0.0000;0.0000;0.0020;0.00195
Eltron;800276-995;8.0000;10.0000;8.0020;10.0020;1;1;0.0000;0.0000;0.0020;0.00195
Eltron;800310-105;1.0000;1.0000;1.0020;1.0020;1;1;0.0000;0.0000;0.0020;0.00195
Eltron;800310-300;1.0000;3.0000;1.0020;3.0020;1;1;0.0000;0.0000;0.0020;0.00195
Eltron;800315-105;1.5000;1.0000;1.5020;1.0020;1;1;0.0000;0.0000;0.0020;0.00195
Eltron;800320-155;2.0000;1.5000;2.0020;1.5020;1;1;0.0000;0.0000;0.0020;0.00195
Eltron;800320-205;2.0000;2.0000;2.0020;2.0020;1;1;0.0000;0.0000;0.0020;0.00195
Eltron;800320-305;2.0000;3.0000;2.0020;3.0020;1;1;0.0000;0.0000;0.0020;0.00195
Eltron;800320-405;2.0000;4.0000;2.0020;4.0020;1;1;0.0000;0.0000;0.0020;0.00195
Eltron;800322-125;2.2500;1.2500;2.2520;1.2520;1;1;0.0000;0.0000;0.0020;0.00195
Eltron;800322-205;2.2500;2.0000;2.2520;2.0020;1;1;0.0000;0.0000;0.0020;0.00195
Eltron;800330-225;3.0000;2.2500;3.0020;2.2520;1;1;0.0000;0.0000;0.0020;0.00195
Eltron;800340-155;4.0000;1.5000;4.0020;1.5020;1;1;0.0000;0.0000;0.0020;0.00195
Eltron;800340-305;4.0000;3.0000;4.0020;3.0020;1;1;0.0000;0.0000;0.0020;0.00195
Eltron;800340-405;4.0000;4.0000;4.0020;4.0020;1;1;0.0000;0.0000;0.0020;0.00195
Eltron;800340-505;4.0000;5.0000;4.0020;5.0020;1;1;0.0000;0.0000;0.0020;0.00195
Eltron;800340-605;4.0000;6.0000;4.0020;6.0020;1;1;0.0000;0.0000;0.0020;0.00195
Eltron;800512-105;1.2500;1.0000;1.2520;1.0020;1;1;0.0000;0.0000;0.0020;0.00195
Eltron;800522-075;2.2500;0.7500;2.2520;0.7520;1;1;0.0000;0.0000;0.0020;0.00195
Eltron;800522-125;2.2500;1.2500;2.2520;1.2520;1;1;0.0000;0.0000;0.0020;0.00195
Eltron;800522-205;2.2500;2.0000;2.2520;2.0020;1;1;0.0000;0.0000;0.0020;0.00195
Eltron;800522-305;2.2500;3.0000;2.2520;3.0020;1;1;0.0000;0.0000;0.0020;0.00195
Eltron;800522-405;2.2500;4.0000;2.2520;4.0020;1;1;0.0000;0.0000;0.0020;0.00195
Eltron;800530-105;3.0000;1.0000;3.0020;1.0020;1;1;0.0000;0.0000;0.0020;0.00195
Eltron;800530-205;3.0000;2.0000;3.0020;2.0020;1;1;0.0000;0.0000;0.0020;0.00195
Eltron;800540-105;4.0000;1.0000;4.0020;1.0020;1;1;0.0000;0.0000;0.0020;0.00195
Eltron;800540-155;4.0000;1.5000;4.0020;1.5020;1;1;0.0000;0.0000;0.0020;0.00195
Eltron;800540-205;4.0000;2.0000;4.0020;2.0020;1;1;0.0000;0.0000;0.0020;0.00195
Eltron;800540-250;4.0000;2.5000;4.0020;6.0020;1;1;0.0000;0.0000;0.0020;0.00195
Eltron;800540-305;4.0000;3.0000;4.0020;3.0020;1;1;0.0000;0.0000;0.0020;0.00195
Eltron;800540-405;4.0000;4.0000;4.0020;4.0020;1;1;0.0000;0.0000;0.0020;0.00195
Eltron;800540-500;4.0000;5.0000;4.0020;6.0020;1;1;0.0000;0.0000;0.0020;0.00195
Eltron;800540-501;4.0000;5.0000;4.0020;5.0020;1;1;0.0000;0.0000;0.0020;0.00195
Eltron;800540-505;4.0000;5.0000;4.0020;5.0020;1;1;0.0000;0.0000;0.0020;0.00195
Eltron;800540-600;4.0000;6.0000;4.0020;6.0020;1;1;0.0000;0.0000;0.0020;0.00195
Eltron;800540-601;4.0000;6.0000;4.0020;6.0020;1;1;0.0000;0.0000;0.0020;0.00195
Eltron;800540-605;4.0000;6.0000;4.0020;6.0020;1;1;0.0000;0.0000;0.0020;0.00195
Eltron;800622-075;2.2500;0.7500;2.2520;0.7520;1;1;0.0000;0.0000;0.0020;0.00195
Eltron;800622-125;2.2500;1.2500;2.2520;1.2520;1;1;0.0000;0.0000;0.0020;0.00195
Eltron;800622-155;4.0000;1.5000;4.0020;1.5020;1;1;0.0000;0.0000;0.0020;0.00195
Eltron;800622-205;2.2500;2.0000;2.2520;2.0020;1;1;0.0000;0.0000;0.0020;0.00195
Eltron;800622-305;2.2500;3.0000;2.2520;3.0020;1;1;0.0000;0.0000;0.0020;0.00195
Eltron;800622-405;2.2500;4.0000;2.2520;4.0020;1;1;0.0000;0.0000;0.0020;0.00195
Eltron;800622-505;4.0000;5.0000;4.0020;5.0020;1;1;0.0000;0.0000;0.0020;0.00195
Eltron;800622-605;4.0000;6.0000;4.0020;6.0020;1;1;0.0000;0.0000;0.0020;0.00195
Eltron;800704-505;4.0000;5.0000;4.0020;5.0020;1;1;0.0000;0.0000;0.0020;0.00195
Eltron;800722-075;2.2500;0.7500;2.2520;0.7520;1;1;0.0000;0.0000;0.0020;0.00195
Eltron;800722-125;2.2500;1.2500;2.2520;1.2520;1;1;0.0000;0.0000;0.0020;0.00195
Eltron;800722-205;2.2500;2.0000;2.2520;2.0020;1;1;0.0000;0.0000;0.0020;0.00195
Eltron;800722-305;2.2500;3.0000;2.2520;3.0020;1;1;0.0000;0.0000;0.0020;0.00195
Eltron;800722-405;2.2500;4.0000;2.2520;4.0020;1;1;0.0000;0.0000;0.0020;0.00195
Eltron;800740-105;2.2500;1.0000;2.2520;1.0020;1;1;0.0000;0.0000;0.0020;0.00195
Eltron;800740-155;2.2500;1.5000;2.2520;1.5020;1;1;0.0000;0.0000;0.0020;0.00195
Eltron;800740-305;4.0000;3.0000;4.0020;3.0020;1;1;0.0000;0.0000;0.0020;0.00195
Eltron;800740-405;4.0000;4.0000;4.0020;4.0020;1;1;0.0000;0.0000;0.0020;0.00195
Eltron;800740-605;4.0000;6.0000;4.0020;6.0020;1;1;0.0000;0.0000;0.0020;0.00195
Eltron;800999-005;1.2500;2.2500;1.2520;2.2520;1;1;0.0000;0.0000;0.0020;0.00195
Eltron;800999-007;1.2000;0.8500;1.2020;0.8520;1;1;0.0000;0.0000;0.0020;0.00195
Eltron;800999-009;2.2500;1.3700;2.2520;1.3720;1;1;0.0000;0.0000;0.0020;0.00195
Eltron;800999-011;1.1800;1.0000;2.3620;1.0020;2;1;0.0000;0.0000;0.0020;0.00195
Eltron;800999-080;1.1800;1.0000;2.3620;1.0020;2;1;0.0000;0.0000;0.0020;0.00195
ERO;1210A5 Full Paper;8.2680;5.8459;8.2677;11.6929;1;2;0.0000;0.0000;0.0000;0
ERO;209742 Full Paper;3.8190;1.6649;8.2677;11.6929;2;6;0.0000;0.0000;0.3149;0.8495
ERO;209768 Full Paper;3.8190;2.6649;8.2677;11.6929;2;4;0.0000;0.0000;0.3148;0.5155
ERO;210535 Full Paper;4.1339;1.3779;8.2677;11.6929;2;8;0.0000;0.0000;0.0000;0.3345
ERO;210537 Full Paper;4.1339;1.4609;8.2677;11.6929;2;8;0.0000;0.0000;0.0000;0
ERO;210541 Full Paper;4.1339;1.6139;8.2677;11.6929;2;7;0.0000;0.0000;0.0000;0.1969
ERO;210542 Full Paper;4.1339;1.6689;8.2677;11.6929;2;7;0.0000;0.0000;0.0000;0
ERO;210548 Full Paper;4.1339;1.8899;8.2677;11.6929;2;6;0.0000;0.0000;0.0000;0.1769
ERO;210557 Full Paper;4.1339;2.2439;8.2677;11.6929;2;5;0.0000;0.0000;0.0000;0.2359
ERO;210570 Full Paper;4.1339;2.7559;8.2677;11.6929;2;4;0.0000;0.0000;0.0000;0.3349
ERO;210574 Full Paper;4.1339;2.9229;8.2677;11.6929;2;4;0.0000;0.0000;0.0000;0
ERO;2105A6 Full Paper;4.1340;5.8459;8.2677;11.6929;2;2;0.0000;0.0000;0.0000;0
ERO;306534 Full Paper;2.5429;1.3309;8.2677;11.6929;3;8;0.0000;0.0000;0.3188;0.5239
ERO;307017 Full Paper;2.7559;0.6649;8.2677;11.6929;3;17;0.0000;0.0000;0.0000;0.1929
ERO;307025 Full Paper;2.7561;1.0001;8.2677;11.6929;3;11;0.0000;0.0000;0.0000;0.3459
ERO;307032 Full Paper;2.7561;1.2601;8.2677;11.6929;3;9;0.0000;0.0000;0.0000;0.1769
ERO;307035 Full Paper;2.7561;1.3781;8.2677;11.6929;3;8;0.0000;0.0000;0.0000;0.3349
ERO;307037 Full Paper;2.7561;1.4611;8.2677;11.6929;3;8;0.0000;0.0000;0.0000;0
ERO;307041 Full Paper;2.7561;1.6141;8.2677;11.6929;3;7;0.0000;0.0000;0.0000;0.1969
ERO;307042 Full Paper;2.7561;1.6691;8.2677;11.6929;3;7;0.0000;0.0000;0.0000;0
ERO;307051 Full Paper;2.7561;2.0001;8.2677;11.6929;3;5;0.0000;0.0000;0.0000;0.8459
ERO;404817 Full Paper;1.9091;0.6651;8.2677;11.6929;4;16;0.0000;0.0000;0.3148;0.5239
ERO;404825 Full Paper;1.9091;1.0001;8.2677;11.6929;4;10;0.0000;0.0000;0.3148;0.8459
ERO;405221 Full Paper;2.0671;0.8351;8.2677;11.6929;4;14;0.0000;0.0000;0.0000;0.0001
ERO;405230 Full Paper;2.0671;1.1691;8.2677;11.6929;4;10;0.0000;0.0000;0.0000;0.0001
ERO;503821 Full Paper;1.4961;0.8351;8.2677;11.6929;5;13;0.0000;0.0000;0.3938;0.4211
Formtec;Formtec 2105 Address;2.5004;1.5000;8.2677;11.6929;3;7;0.1000;0.0000;0.2756;0.633858
Formtec;Formtec 2106 Address;2.5197;1.3331;8.2677;11.6929;3;8;0.1000;0.0000;0.2402;0.559055118
Formtec;Formtec 2107 Address;3.9000;1.3335;8.2677;11.6929;2;8;0.1000;0.0000;0.1614;0.551181102
Formtec;Formtec 2108 Address;3.9000;1.5000;8.2677;11.6929;2;7;0.1000;0.0000;0.1614;0.633858268
Herma;4241 Laser - White;1.5010;0.8340;8.2677;11.6929;5;13;0.0000;0.0000;0.3859;0.4205
Herma;4243 Laser - Yellow;1.0000;0.3937;8.2677;11.6929;7;27;0.0984;0.0000;0.3150;0.551181102
Herma;4244 Laser - Red;1.0000;0.3937;8.2677;11.6929;7;27;0.0984;0.0000;0.3150;0.551181102
Herma;4267 Laser;3.9010;1.3350;8.2677;11.6929;2;8;0.0977;0.0000;0.1849;0.5118
Herma;4269 Laser;3.9010;2.6640;8.2677;11.6929;2;4;0.0977;0.0000;0.1849;0.5118
Herma;4270 Laser;1.5010;0.8340;8.2677;11.6929;5;13;0.0000;0.0000;0.3859;0.4205
Herma;4271 Laser;1.9010;0.6650;8.2677;11.6929;4;16;0.0000;0.0000;0.3304;0.5241
Herma;4272 Laser;1.9010;1.0000;8.2677;11.6929;4;11;0.0000;0.0000;0.3304;0.3458
Herma;4273 Laser;2.0660;0.8340;8.2677;11.6929;4;14;0.0000;0.0000;0.0000;0
Herma;4274 Laser;2.0660;1.1690;8.2677;11.6929;4;10;0.0000;0.0000;0.0000;0
Herma;4275 Laser;2.5980;1.0000;8.2677;11.6929;3;11;0.0000;0.0000;0.2361;0.3458
Herma;4276 Laser;2.7570;0.6650;8.2677;11.6929;3;17;0.0000;0.0000;0.0000;0.1924
Herma;4277 Laser;2.7570;1.1690;8.2677;11.6929;3;10;0.0000;0.0000;0.0000;0
Herma;4278 Diskette;2.7570;2.0000;8.2677;11.6929;3;5;0.0000;0.0000;0.0000;0.8454
Herma;4279 Diskette;2.7570;2.6640;8.2677;11.6929;3;4;0.0000;0.0000;0.0000;0.5118
Herma;4280 Laser;3.8000;2.6640;8.2677;11.6929;2;4;0.0000;0.0000;0.3361;0.5118
Herma;4281 Laser;4.1340;2.0000;8.2677;11.6929;2;5;0.0000;0.0000;0.0000;0.8454
Herma;4282 Laser;8.2680;5.8460;8.2677;11.6929;1;2;0.0000;0.0000;0.0000;0
Herma;4283 Folder;7.5580;1.5350;8.2677;11.6929;1;6;0.0000;0.3154;0.3551;0.452
Herma;4284 Folder;7.5580;2.4210;8.2677;11.6929;1;4;0.0000;0.3156;0.3541;0.53
Herma;4362 Laser;4.1339;1.6240;8.2677;11.6929;2;7;0.0000;0.0000;0.0000;0.18503937
Herma;4390 Laser;2.7560;1.4610;8.2677;11.6929;3;8;0.0000;0.0000;0.0000;0
Herma;4415 Laser;2.7559;1.6240;8.2677;11.6929;3;7;0.0000;0.0000;0.0000;0.188976378
Herma;4416 Laser;4.1339;1.6240;8.2677;11.6929;2;7;0.0000;0.0000;0.0000;0.18503937
Herma;4451 Laser;2.7559;1.6240;8.2677;11.6929;3;7;0.0000;0.0000;0.0000;0.188976378
Herma;4452 Laser;4.1339;1.6240;8.2677;11.6929;2;7;0.0000;0.0000;0.0000;0.18503937
Herma;4464 Laser;2.7560;1.4610;8.2677;11.6929;3;8;0.0000;0.0000;0.0000;0
Herma;4606 Laser;1.5000;0.8350;8.2677;11.6929;5;13;0.0000;0.0000;0.3860;0.42
Herma;4607 Laser;1.9020;0.6640;8.2677;11.6929;4;16;0.0000;0.0000;0.3305;0.5241
Herma;4608 Laser;1.9020;1.0000;8.2677;11.6929;4;11;0.0000;0.0000;0.3305;0.3461
Herma;4609 Laser;2.0660;0.8350;8.2677;11.6929;4;14;0.0000;0.0000;0.0000;0
Herma;4610 Laser;2.0660;1.1690;8.2677;11.6929;4;10;0.0000;0.0000;0.0000;0
Herma;4611 Laser;2.7560;0.6640;8.2677;11.6929;3;17;0.0000;0.0000;0.0000;0.1929
Herma;4612 Laser;2.7560;1.1690;8.2677;11.6929;3;10;0.0000;0.0000;0.0000;0
Herma;4613 Laser;2.5980;1.0000;8.2677;11.6929;3;11;0.0000;0.0000;0.2358;0.3457
Herma;4614 Laser;2.5980;1.3350;8.2677;11.6929;3;8;0.0000;0.0000;0.2358;0.5118
Herma;4615 Laser;2.7560;1.4610;8.2677;11.6929;3;8;0.0000;0.0000;0.0000;0
Herma;4616 Laser;2.7560;1.6650;8.2677;11.6929;3;7;0.0000;0.0000;0.0000;0
Herma;4617 Diskette;2.7560;2.6650;8.2677;11.6929;3;4;0.0000;0.0000;0.0000;0.5118
Herma;4618 Diskette;2.7560;2.0000;8.2677;11.6929;3;5;0.0000;0.0000;0.0000;0.8455
Herma;4619 Laser;3.7990;1.3360;8.2677;11.6929;2;8;0.0000;0.0000;0.3345;0.5118
Herma;4620 Laser;4.1340;1.4610;8.2677;11.6929;2;8;0.0000;0.0000;0.0000;0
Herma;4623 Laser - White;3.7980;1.6650;8.2677;11.6929;2;6;0.0000;0.0000;0.3345;0.849
Herma;4624 Laser;3.7980;2.6650;8.2677;11.6929;2;4;0.0000;0.0000;0.3345;0.5118
Herma;4625 Laser;4.1340;1.6650;8.2677;11.6929;2;7;0.0000;0.0000;0.0000;0
Herma;4626 Laser;4.1340;2.9230;8.2677;11.6929;2;4;0.0000;0.0000;0.0000;0
Herma;4627 Laser;4.1340;5.8460;8.2677;11.6929;2;2;0.0000;0.0000;0.0000;0
Herma;4628 Laser;8.2680;5.8460;8.2677;11.6929;1;2;0.0000;0.0000;0.0000;0
Herma;4629 Laser;4.1340;2.0000;8.2677;11.6929;2;5;0.0000;0.0000;0.0000;0.8464
Herma;4668 Laser;2.7560;1.6650;8.2677;11.6929;3;7;0.0000;0.0000;0.0000;0
Herma;4669 Laser - White;3.7990;1.6650;8.2677;11.6929;2;6;0.0000;0.0000;0.3346;0.8503
Herma;4670 Laser;2.5980;1.3360;8.2677;11.6929;3;8;0.0000;0.0000;0.2362;0.5118
Herma;4671 Laser;2.7560;1.4610;8.2677;11.6929;3;8;0.0000;0.0000;0.0000;0
Herma;4672 Laser;3.7990;1.3360;8.2677;11.6929;2;8;0.0000;0.0000;0.3346;0.5118
Herma;4673 Laser;4.1340;1.4610;8.2677;11.6929;2;8;0.0000;0.0000;0.0000;0
Herma;4674 Laser;4.1340;1.6650;8.2677;11.6929;2;7;0.0000;0.0000;0.0000;0
Herma;4675 Laser;4.1340;2.9230;8.2677;11.6929;2;4;0.0000;0.0000;0.0000;0
Herma;4676 Laser;4.1340;5.8460;8.2677;11.6929;2;2;0.0000;0.0000;0.0000;0
Herma;4677 Laser;2.5000;1.5000;8.2677;11.6929;3;7;0.0989;0.0000;0.2832;0.5991
Herma;4678 Laser;3.9020;1.5000;8.2677;11.6929;2;7;0.0977;0.0000;0.1845;0.599
Herma;4680 Laser;1.9020;1.0000;8.2677;11.6929;4;11;0.0000;0.0000;0.3300;0.3461
Herma;4681 Laser;2.5980;1.3350;8.2677;11.6929;3;8;0.0000;0.0000;0.2359;0.5118
Herma;4682 Laser - White;3.7980;1.6640;8.2677;11.6929;2;6;0.0000;0.0000;0.3346;0.8502
Herma;4683 Laser;8.2680;5.8460;8.2677;11.6929;1;2;0.0000;0.0000;0.0000;0
Herma;4690 Laser;1.9020;1.0000;8.2677;11.6929;4;11;0.0000;0.0000;0.3304;0.3462
Herma;4691 Laser;2.5980;1.3360;8.2677;11.6929;3;8;0.0000;0.0000;0.2355;0.5118
Herma;4692 Laser;3.7980;1.6640;8.2677;11.6929;2;6;0.0000;0.0000;0.3346;0.8494
Herma;4693 Laser;8.2680;5.8460;8.2677;11.6929;1;2;0.0000;0.0000;0.0000;0
Herma;4810 Ink Jet;1.5000;0.8350;8.2677;11.6929;5;13;0.0000;0.0000;0.3855;0.4212
Herma;4811 Ink Jet;1.9020;0.6650;8.2677;11.6929;4;16;0.0000;0.0000;0.3304;0.5236
Herma;4812 Ink Jet;1.9020;1.0000;8.2677;11.6929;4;11;0.0000;0.0000;0.3304;0.3457
Herma;4814 Ink Jet;2.5980;1.3360;8.2677;11.6929;3;8;0.0000;0.0000;0.2355;0.5118
Herma;4815 Ink Jet;3.7980;1.3360;8.2677;11.6929;2;8;0.0000;0.0000;0.3346;0.5118
Herma;4816 Ink Jet;3.7980;1.6640;8.2677;11.6929;2;6;0.0000;0.0000;0.3346;0.8499
Herma;4817 Ink Jet;3.7980;2.6650;8.2677;11.6929;2;4;0.0000;0.0000;0.3346;0.5118
Herma;4820 Ink Jet;2.5980;1.3360;8.2677;11.6929;3;8;0.0000;0.0000;0.2356;0.5118
Herma;4821 Diskette;2.5980;2.6650;8.2677;11.6929;3;4;0.0000;0.0000;0.2356;0.5118
Herma;4822 Ink Jet;3.7980;1.3360;8.2677;11.6929;2;8;0.0000;0.0000;0.3348;0.5118
Herma;4823 Ink Jet;3.7980;1.6640;8.2677;11.6929;2;6;0.0000;0.0000;0.3348;0.8499
Herma;4825 Folder;7.5590;1.5350;8.2677;11.6929;1;6;0.0000;0.3154;0.3541;0.4524
Herma;4826 Folder;7.5590;2.4210;8.2677;11.6929;1;4;0.0000;0.3156;0.3541;0.5312
Herma;4827 Video Spine;5.7990;0.6650;8.2677;11.6929;1;16;0.0000;0.0000;1.2323;0.5237
Herma;4828 Video Spine;3.0980;1.8310;8.2677;11.6929;2;6;1.0017;0.0000;0.5348;0.3457
Herma;4830 Folder;1.5350;11.2200;8.2677;11.6929;5;1;0.0000;0.0000;0.2948;0.2356
Herma;4831 Folder;2.4200;11.2200;8.2677;11.6929;3;1;0.0000;0.0000;0.5040;0.2359
Herma;4841 Ink Jet;1.9020;1.0000;8.2677;11.6929;4;11;0.0000;0.0000;0.3304;0.3456
Herma;4842 Ink Jet;2.5980;1.3350;8.2677;11.6929;3;8;0.0000;0.0000;0.2358;0.5118
Herma;4843 Ink Jet;3.7980;1.6640;8.2677;11.6929;2;6;0.0000;0.0000;0.3351;0.8497
Herma;4851 Ink Jet;1.9020;1.0000;8.2677;11.6929;4;11;0.0000;0.0000;0.3304;0.347
Herma;4852 Ink Jet;2.5980;1.3360;8.2677;11.6929;3;8;0.0000;0.0000;0.2359;0.5122
Herma;4853 Ink Jet;3.7990;1.6640;8.2677;11.6929;2;6;0.0000;0.0000;0.3349;0.8498
Herma;5051 Laser;1.9020;1.0000;8.2677;11.6929;4;11;0.0000;0.0000;0.3304;0.3449
Herma;5052 Laser;2.0660;0.8350;8.2677;11.6929;4;14;0.0000;0.0000;0.0000;0
Herma;5053 Laser;2.5980;1.3360;8.2677;11.6929;3;8;0.0000;0.0000;0.2359;0.5118
Herma;5054 Laser;2.7560;1.6640;8.2677;11.6929;3;7;0.0000;0.0000;0.0000;0
Herma;5055 Diskette;2.7560;2.0000;8.2677;11.6929;3;5;0.0000;0.0000;0.0000;0.846
Herma;5056 Laser - White;3.7990;1.6650;8.2677;11.6929;2;6;0.0000;0.0000;0.3351;0.8512
Herma;5057 Laser;4.1340;1.6640;8.2677;11.6929;2;7;0.0000;0.0000;0.0000;0
Herma;5058 Laser;4.1340;1.6640;8.2677;11.6929;2;7;0.0000;0.0000;0.0000;0
Herma;5059 Laser;4.1340;1.6640;8.2677;11.6929;2;7;0.0000;0.0000;0.0000;0
Herma;5062 Laser;4.1340;2.9230;8.2677;11.6929;2;4;0.0000;0.0000;0.0000;0
Herma;5063 Laser;4.1340;5.8460;8.2677;11.6929;2;2;0.0000;0.0000;0.0000;0
Herma;5064 Laser;8.2680;5.8460;8.2677;11.6929;1;2;0.0000;0.0000;0.0000;0
Herma;5066 Laser;1.5740;1.5750;8.2677;11.6929;4;6;0.2359;0.2362;0.6285;0.5311
Herma;5067 Laser;2.3620;2.3620;8.2677;11.6929;3;4;0.2759;0.2756;0.3138;0.7089
Herma;5068 Laser;3.3460;3.3460;8.2677;11.6929;2;3;0.3937;0.3945;0.5912;0.4331
Herma;5069 Video Spine;5.7980;0.6650;8.2677;11.6929;1;16;0.0000;0.0000;1.2320;0.5235
Herma;5070 Video Spine;3.0980;1.8320;8.2677;11.6929;2;6;1.0017;0.0000;0.5349;0.3471
Herma;5074 Laser - White;2.5000;1.5000;8.2677;11.6929;3;7;0.0989;0.0000;0.2828;0.6
Herma;5075 Laser;3.9020;1.3350;8.2677;11.6929;2;8;0.0977;0.0000;0.1844;0.5118
Herma;5076 Laser;3.9020;1.5000;8.2677;11.6929;2;7;0.0977;0.0000;0.1844;0.6
Herma;5077 Laser;3.9020;2.6650;8.2677;11.6929;2;4;0.0977;0.0000;0.1844;0.5118
Herma;5080 Laser;2.0660;0.8350;8.2677;11.6929;4;14;0.0000;0.0000;0.0000;0
Herma;5081 Laser;4.1340;1.6650;8.2677;11.6929;2;7;0.0000;0.0000;0.0000;0
Herma;5082 Laser;4.1340;5.8460;8.2677;11.6929;2;2;0.0000;0.0000;0.0000;0
Herma;5090 Folder;7.5590;1.5350;8.2677;11.6929;1;6;0.0000;0.3154;0.3542;0.4528
Herma;5091 Folder;7.5590;1.5340;8.2677;11.6929;1;6;0.0000;0.3154;0.3542;0.4528
Herma;5092 Folder;7.5590;1.5340;8.2677;11.6929;1;6;0.0000;0.3154;0.3542;0.4528
Herma;5093 Folder;7.5590;1.5340;8.2677;11.6929;1;6;0.0000;0.3154;0.3542;0.4528
Herma;5094 Folder;7.5590;1.5340;8.2677;11.6929;1;6;0.0000;0.3154;0.3542;0.4528
Herma;5095 Folder;7.5590;2.4210;8.2677;11.6929;1;4;0.0000;0.3156;0.3542;0.5299
Herma;5096 Folder;7.5580;2.4190;8.2677;11.6929;1;4;0.0000;0.3156;0.3542;0.5299
Herma;5097 Folder;7.5580;2.4200;8.2677;11.6929;1;4;0.0000;0.3156;0.3542;0.5299
Herma;5098 Folder;7.5580;2.4190;8.2677;11.6929;1;4;0.0000;0.3156;0.3542;0.5299
Herma;5099 Folder;7.5580;2.4200;8.2677;11.6929;1;4;0.0000;0.3156;0.3542;0.5299
Herma;5130 Folder;1.5340;11.2200;8.2677;11.6929;5;1;0.0000;0.0000;0.2948;0.2356
Herma;5131 Folder;1.5340;11.2200;8.2677;11.6929;5;1;0.0000;0.0000;0.2948;0.2356
Herma;5132 Folder;1.5340;11.2200;8.2677;11.6929;5;1;0.0000;0.0000;0.2948;0.2356
Herma;5133 Folder;1.5340;11.2200;8.2677;11.6929;5;1;0.0000;0.0000;0.2948;0.2356
Herma;5134 Folder;1.5340;11.2200;8.2677;11.6929;5;1;0.0000;0.0000;0.2948;0.2356
Herma;5135 Folder;2.4220;11.2200;8.2677;11.6929;3;1;0.0000;0.0000;0.5035;0.2356
Herma;5136 Folder;2.4220;11.2200;8.2677;11.6929;3;1;0.0000;0.0000;0.5035;0.2356
Herma;5137 Folder;2.4220;11.2200;8.2677;11.6929;3;1;0.0000;0.0000;0.5035;0.2356
Herma;5138 Folder;2.4220;11.2200;8.2677;11.6929;3;1;0.0000;0.0000;0.5035;0.2356
Herma;5139 Folder;2.4220;11.2200;8.2677;11.6929;3;1;0.0000;0.0000;0.5035;0.2356
Herma;8628 Laser - White;3.7980;1.6650;8.2677;11.6929;2;6;0.0000;0.0000;0.3345;0.849
Herma;8629 Laser - White;1.5010;0.8340;8.2677;11.6929;5;13;0.0000;0.0000;0.3859;0.4205
Herma;8800 Ink Jet;2.0980;1.3360;8.2677;11.6929;3;8;0.3039;0.0000;0.6848;0.5118
Herma;8801 Ink Jet;2.5000;1.5000;8.2677;11.6929;3;7;0.0989;0.0000;0.2832;0.599
Herma;8802 Ink Jet;2.5000;1.8350;8.2677;11.6929;3;6;0.0989;0.0000;0.2832;0.3457
Herma;8803 Ink Jet;2.7990;2.0000;8.2677;11.6929;2;5;0.9997;0.0000;0.8366;0.8457
Herma;8804 Ink Jet;3.5000;1.3350;8.2677;11.6929;2;8;0.2997;0.0000;0.4826;0.5118
Herma;8805 Ink Jet;3.5000;1.8350;8.2677;11.6929;2;6;0.2997;0.0000;0.4826;0.3457
Herma;8806 Ink Jet;3.7980;2.0000;8.2677;11.6929;2;5;0.1037;0.0000;0.2826;0.8457
Herma;8808 Ink Jet;3.9020;1.3350;8.2677;11.6929;2;8;0.0977;0.0000;0.1848;0.5118
Herma;8809 Ink Jet;3.9020;1.5000;8.2677;11.6929;2;7;0.0977;0.0000;0.1848;0.599
Herma;8810 Ink Jet;3.9020;2.6650;8.2677;11.6929;2;4;0.0977;0.0000;0.1848;0.5118
Herma;8811 Ink Jet;7.5580;5.5000;8.2677;11.6929;1;2;0.0000;0.0000;0.3538;0.3457
Herma;8831 Ink Jet;1.0000;1.0000;8.2677;11.6929;6;11;0.2007;0.0000;0.6338;0.3457
Herma;8833 Ink Jet;1.5000;0.8350;8.2677;11.6929;5;13;0.0000;0.0000;0.3870;0.421
Herma;8834 Ink Jet;1.9020;0.6640;8.2677;11.6929;4;16;0.0000;0.0000;0.3300;0.524
Herma;8835 Ink Jet;1.9020;1.0000;8.2677;11.6929;4;11;0.0000;0.0000;0.3300;0.3457
Herma;8836 Ink Jet;2.0980;1.3360;8.2677;11.6929;3;8;0.3039;0.0000;0.6830;0.5118
Herma;8837 Ink Jet;2.5000;1.0000;8.2677;11.6929;3;11;0.0989;0.0000;0.2828;0.3457
Herma;8838 Ink Jet;2.5000;1.5000;8.2677;11.6929;3;7;0.0989;0.0000;0.2828;0.599
Herma;8839 Diskette;2.7990;2.0000;8.2677;11.6929;2;5;0.9997;0.0000;0.8346;0.845
Herma;8841 Ink Jet;3.5000;1.3360;8.2677;11.6929;2;8;0.2997;0.0000;0.4842;0.5118
Herma;8842 Ink Jet;3.5000;1.8350;8.2677;11.6929;2;6;0.2997;0.0000;0.4842;0.3457
Herma;8843 Ink Jet;3.7980;0.3350;8.2677;11.6929;2;32;0.1037;0.0000;0.2828;0.5118
Herma;8844 Ink Jet;3.7980;0.6640;8.2677;11.6929;2;16;0.1037;0.0000;0.2828;0.5118
Herma;8845 Ink Jet;3.7980;2.0000;8.2677;11.6929;2;5;0.1037;0.0000;0.2828;0.845
Herma;8846 Ink Jet;3.7980;2.6650;8.2677;11.6929;2;4;0.0000;0.0000;0.3350;0.5118
Herma;8847 Ink Jet;3.7980;5.5000;8.2677;11.6929;2;2;0.1037;0.0000;0.2828;0.3457
Herma;8848 Ink Jet;7.5590;0.3350;8.2677;11.6929;1;32;0.0000;0.0000;0.3542;0.5118
Herma;8849 Ink Jet;7.5590;0.6640;8.2677;11.6929;1;16;0.0000;0.0000;0.3542;0.5118
Herma;8850 Ink Jet;7.5590;5.5000;8.2677;11.6929;1;2;0.0000;0.0000;0.3542;0.3457
Herma;8851 Ink Jet;1.2600;1.2600;8.2677;11.6929;5;7;0.2399;0.2398;0.5039;0.7171
Herma;8852 Ink Jet;2.5000;2.5000;8.2677;11.6929;3;4;0.0989;0.0986;0.2828;0.5991
Herma;8853 Ink Jet;2.2980;1.6640;8.2677;11.6929;3;6;0.2014;0.1658;0.4841;0.4286
Herma;8854 Ink Jet;3.5000;2.5000;8.2677;11.6929;2;4;0.2017;0.1656;0.5346;0.599
Herma;8855 Ink Jet;3.5000;2.6650;8.2677;11.6929;2;4;0.2997;0.0000;0.4838;0.5118
Herma;8856 Index;1.0000;1.6640;8.2677;11.6929;6;6;0.2007;0.1698;0.6328;0.428
Herma;8858 Ink Jet;2.5000;1.8350;8.2677;11.6929;3;6;0.0989;0.0000;0.2829;0.3457
Herma;8859 Ink Jet;3.9000;1.3360;8.2677;11.6929;2;8;0.0977;0.0000;0.1844;0.5118
Herma;8860 Ink Jet;3.9000;1.5000;8.2677;11.6929;2;7;0.0977;0.0000;0.1844;0.599
Herma;8862 Ink Jet;3.9000;2.6650;8.2677;11.6929;2;4;0.0977;0.0000;0.1844;0.5118
HP;HP 92996 L - Address;3.9000;1.5000;8.2677;11.6929;2;7;0.1000;0.0000;0.1800;0.63
HP;HP 92996 M - Address;3.9000;1.3300;8.2677;11.6929;2;8;0.1000;0.0000;0.1800;0.54
HP;HP 92996 N - Address;2.5000;1.5000;8.2677;11.6929;3;7;0.1000;0.0000;0.2800;0.63
HP;HP 92996 P - Address;3.9400;2.0100;8.2677;11.6929;2;5;0.0800;0.0400;0.1600;0.87
MACO;M75100 Address;2.6248;0.9999;8.5000;11.0000;3;10;0.1250;0.0000;0.1891;0.4995
MACO;M75115 Address;2.6248;0.9999;8.5000;11.0000;3;10;0.1250;0.0000;0.1891;0.5003
MACO;M75500 Address;2.8331;1.0002;8.5000;11.0000;3;10;0.0000;0.0000;0.0001;0.4999
MACO;M76100 Address;2.6250;1.0002;8.5000;11.0000;3;10;0.1251;0.0000;0.1888;0.5001
MACO;MIJ3000 Address;2.6251;1.0002;8.5000;11.0000;3;10;0.1249;0.0000;0.1892;0.5002
MACO;ML0600 Shipping;4.0002;3.3329;8.5000;11.0000;2;3;0.1879;0.0000;0.1561;0.5
MACO;ML1000 Shipping;4.0002;1.9999;8.5000;11.0000;2;5;0.1879;0.0000;0.1561;0.5
MACO;ML1400 Address;4.0002;1.3329;8.5000;11.0000;2;7;0.1879;0.0000;0.1561;0.833
MACO;ML1425 Address;4.0002;1.3327;8.5000;11.0000;2;7;0.1879;0.0000;0.1561;0.8331
MACO;ML2000 Address;4.0002;0.9999;8.5000;11.0000;2;10;0.1879;0.0000;0.1561;0.5001
MACO;ML2025 Address;4.0002;0.9999;8.5000;11.0000;2;10;0.1879;0.0000;0.1561;0.5001
MACO;ML3000 Address;2.6252;0.9999;8.5000;11.0000;3;10;0.1250;0.0000;0.1891;0.5001
MACO;ML3025 Address;2.6252;0.9999;8.5000;11.0000;3;10;0.1250;0.0000;0.1891;0.5001
MACO;ML4000 Address;2.8332;0.9999;8.5000;11.0000;3;10;0.0000;0.0000;0.0001;0.5001
MACO;ML4001 Address;3.9999;0.9999;8.5000;11.0000;2;10;0.1879;0.0000;0.1561;0.5001
MACO;ML4002 Address;4.2499;1.3326;8.5000;11.0000;2;7;0.0000;0.0000;0.0001;0.8351
MACO;ML4003 Address;4.2499;1.9999;8.5000;11.0000;2;5;0.0000;0.0000;0.0001;0.5001
MACO;ML4004 Shipping;3.9999;3.3329;8.5000;11.0000;2;3;0.1879;0.0000;0.1561;0.5001
MACO;ML7500 Diskette;2.7499;2.7499;8.5000;11.0000;3;3;0.0000;0.2500;0.1251;0.5001
MACO;ML7501 Diskette;2.7499;2.7499;8.5000;11.0000;3;3;0.0000;0.2500;0.1251;0.5001
MACO;ML7502 Diskette;2.7499;2.7499;8.5000;11.0000;3;3;0.0000;0.2500;0.1251;0.5001
MACO;ML7600 Diskette;3.9999;1.4999;8.5000;11.0000;2;6;0.1879;0.0000;0.1561;1.0001
MACO;ML7601 Diskette;3.9999;1.4999;8.5000;11.0000;2;6;0.1879;0.0000;0.1561;1.0001
MACO;ML7602 Diskette;3.9999;1.4999;8.5000;11.0000;2;6;0.1879;0.0000;0.1561;1.0003
MACO;ML7900 Audio Cassette;3.4999;1.6669;8.5000;11.0000;2;6;0.5000;0.0000;0.5000;0.5003
MACO;ML7950 Video-Face;3.0629;1.8329;8.5000;11.0000;2;5;0.2370;0.0000;1.0690;0.9173
MACO;ML7950 Video-Spine;5.8129;0.6669;8.5000;11.0000;1;15;0.0000;0.0000;1.3440;0.5003
MACO;ML8000 Address;2.6249;0.9999;8.5000;11.0000;3;10;0.1250;0.0000;0.1890;0.5003
MACO;ML8025 Address;1.7499;0.4999;8.5000;11.0000;4;20;0.3127;0.0000;0.2810;0.5003
MACO;ML8101 Address;2.6249;0.9999;8.5000;11.0000;3;10;0.1250;0.0000;0.1890;0.5003
MACO;ML8201 Address;2.6249;0.9999;8.5000;11.0000;3;10;0.1250;0.0000;0.1890;0.5003
MACO;ML8301 Address;2.6249;0.9999;8.5000;11.0000;3;10;0.1250;0.0000;0.1890;0.5003
MACO;ML8576 Index;4.9999;2.9999;8.5000;11.0000;1;3;0.0000;0.0000;1.7500;1.0003
MACO;ML8590 Rotary;3.9999;2.1669;8.5000;11.0000;2;4;0.0000;0.0000;0.2500;1.1673
MACO;ML8591 Rotary;4.9999;2.9999;8.5000;11.0000;1;3;0.0000;0.0000;1.7500;1
MACO;MLFF30 Folder;3.4379;0.6669;8.5000;11.0000;2;15;0.5620;0.0000;0.5310;0.5
MACO;MLFF31 Folder;3.4378;0.6669;8.5000;11.0000;2;15;0.5620;0.0000;0.5310;0.5
MACO;MLFF32 Folder;3.4378;0.6669;8.5000;11.0000;2;15;0.5619;0.0000;0.5311;0.5
MACO;MLFF35 Folder;3.4378;0.6669;8.5000;11.0000;2;15;0.5619;0.0000;0.5311;0.5
MACTac;SR6267 Address;1.7498;0.4999;8.5000;11.0000;4;20;0.3123;0.0000;0.3131;0.5
MACTac;SR6600 Address;2.6248;0.9999;8.5000;11.0000;3;10;0.1245;0.0000;0.1881;0.5
MACTac;SR6601 Address;2.8128;0.9999;8.5000;11.0000;3;10;0.0000;0.0000;0.0001;0.5
MACTac;SR6602 Address;2.8128;0.9999;8.5000;11.0000;3;11;0.0000;0.0000;0.0001;0
MACTac;SR6603 Audio Cassette;1.6248;3.4379;8.5000;11.0000;5;3;0.0622;0.0615;0.0631;0.313
MACTac;SR6604 Address;2.8128;0.9999;8.5000;11.0000;3;10;0.0000;0.0000;0.0001;0.5
MACTac;SR6605 Large;4.2498;1.9999;8.5000;11.0000;2;5;0.0000;0.0000;0.0001;0.5
MACTac;SR6607 Medium;2.8128;1.4999;8.5000;11.0000;3;7;0.0000;0.0000;0.0001;0.5
MACTac;SR6610 Address;2.8128;0.9999;8.5000;11.0000;3;10;0.0000;0.0000;0.0001;0.5
MACTac;SR6611 Address;2.8128;0.9999;8.5000;11.0000;3;10;0.0000;0.0000;0.0001;0.5
MACTac;SR6612 Address;2.6248;0.9999;8.5000;11.0000;3;10;0.1245;0.0000;0.1881;0.5
MACTac;SR6621 Diskette;2.7498;2.7499;8.5000;11.0000;3;3;0.0000;0.2500;0.1251;0.5
MACTac;SR6622 Diskette;3.9998;1.4999;8.5000;11.0000;2;6;0.1869;0.0000;0.1671;1
MACTac;SR6640;1.4998;0.9999;8.5000;11.0000;5;10;0.1250;0.0000;0.2501;0.5
MACTac;SR6641;3.9998;0.9999;8.5000;11.0000;2;10;0.1249;0.0000;0.2501;0.5
MACTac;SR6642;3.9998;1.4379;8.5000;11.0000;2;7;0.1249;0.0000;0.1251;0.438
MACTac;SR6643;3.9998;1.9999;8.5000;11.0000;2;5;0.1239;0.0000;0.1881;0.5
MACTac;SR6644;3.9998;2.4999;8.5000;11.0000;2;4;0.1239;0.0000;0.1881;0.5
MACTac;SR6645;3.9998;3.3329;8.5000;11.0000;2;3;0.1239;0.0000;0.1881;0.5
MACTac;SR6646;3.9998;4.9999;8.5000;11.0000;2;2;0.1239;0.0000;0.1881;0.5
MACTac;SR6647;8.4998;5.4999;8.5000;11.0000;1;2;0.0000;0.0000;0.0001;0
MACTac;SR6740;2.8328;0.9999;8.5000;11.0000;3;11;0.0005;0.0000;0.0001;0
MACTac;SR6741;3.4998;0.7499;8.5000;11.0000;2;12;1.1239;0.1249;0.1881;0.3129
MACTac;SR6742;4.2498;1.0629;8.5000;11.0000;2;10;0.0000;0.0000;0.0001;0
MACTac;SR6743;4.2498;1.5629;8.5000;11.0000;2;7;0.0000;0.0000;0.0001;0
MACTac;SR6744;4.2500;2.7500;8.5000;11.0000;2;4;0.0000;0.0000;0.0000;0
MACTac;SR6745;4.2500;3.6670;8.5000;11.0000;2;3;0.0000;0.0000;0.0000;0
MACTac;SR6746;4.2498;5.4999;8.5000;11.0000;2;2;0.0000;0.0000;0.0001;0
MACTac;SR6747;8.4998;3.4999;8.5000;11.0000;1;3;0.0000;0.0000;0.0001;0.2499
MACTac;SR6749 Video - Face;3.0628;1.8129;8.5000;11.0000;2;5;0.2489;0.0000;1.0001;0.9379
MACTac;SR6749 Video - Spine;5.7498;0.6879;8.5000;11.0000;1;15;0.0000;0.0000;1.3751;0.4999
MAYSPIES;06900015 Address;2.0668;0.8352;8.2677;11.6929;4;14;0.0000;0.0000;0.0000;0.0001
MAYSPIES;06900030 Address;2.7558;1.1692;8.2677;11.6929;3;10;0.0000;0.0000;0.0000;0.0001
MAYSPIES;06900038 Address;4.1338;1.3782;8.2677;11.6929;2;8;0.0000;0.0000;0.0000;0.3351
MAYSPIES;06900039 Address;2.7558;1.4172;8.2677;11.6929;3;8;0.0000;0.0000;0.0000;0.0001
MAYSPIES;06900041 Address;2.7558;1.6142;8.2677;11.6929;3;7;0.0000;0.0000;0.0000;0.3541
MAYSPIES;06900042 Address;4.1338;1.6142;8.2677;11.6929;2;7;0.0000;0.0000;0.0000;0.1971
MAYSPIES;06900043 Address;2.7558;1.4612;8.2677;11.6929;3;8;0.0000;0.0000;0.0000;0.0002
MAYSPIES;06900046 Address;2.7558;1.3782;8.2677;11.6929;3;8;0.0000;0.0000;0.0000;0.0002
MAYSPIES;06900049 Address;4.1338;1.8902;8.2677;11.6929;2;6;0.0000;0.0000;0.0000;0.3532
MAYSPIES;06900050 Address;2.4918;1.5552;8.2677;11.6929;3;7;0.0000;0.0000;0.3940;0.3942
MAYSPIES;06900051 Address;4.1338;1.4612;8.2677;11.6929;2;8;0.0000;0.0000;0.0000;0.0002
MAYSPIES;06900069 Address;2.6768;2.0082;8.2677;11.6929;3;5;0.0000;0.1574;0.1180;0.5312
MAYSPIES;06900074 Address;4.1338;2.7952;8.2677;11.6929;2;4;0.0000;0.0000;0.0000;0.2562
MAYSPIES;06900075 Address;4.1338;2.9132;8.2677;11.6929;2;4;0.0000;0.0000;0.0000;0.0002
MAYSPIES;06900082 Address;4.1338;5.6692;8.2677;11.6929;2;2;0.0000;0.0000;0.0000;0.3542
MAYSPIES;06900083 Address;8.2678;5.8462;8.2677;11.6929;1;2;0.0000;0.0000;0.0000;0.0002
MAYSPIES;06900084 Address;4.1338;5.8462;8.2677;11.6929;2;2;0.0000;0.0000;0.0000;0.0002
MAYSPIES;090010 Address - White;2.7559;1.4606;8.2677;11.6929;3;8;0.0000;0.0000;0.0000;0
MAYSPIES;090023 Address;4.1339;2.9134;8.2677;11.6929;2;4;0.0000;0.0000;0.0000;0
MAYSPIES;090027 Address - Red;2.7559;1.4606;8.2677;11.6929;3;8;0.0000;0.0000;0.0000;0
MAYSPIES;090028 Address - Green;2.7559;1.4606;8.2677;11.6929;3;8;0.0000;0.0000;0.0000;0
MAYSPIES;090050 Address;4.1339;2.9134;8.2677;11.6929;2;4;0.0000;0.0000;0.0000;0
MAYSPIES;090276 Address;4.1339;2.9134;8.2677;11.6929;2;4;0.0000;0.0000;0.0000;0
PIMACO;0080 Address;2.6258;0.9999;8.5000;11.0000;3;10;0.1220;0.0000;0.1891;0.5
PIMACO;0082 Address;3.9998;1.3349;8.5000;11.0000;2;7;0.2039;0.0000;0.1501;0.835
PIMACO;0083 Shipping;3.9998;1.9999;8.5000;11.0000;2;5;0.2039;0.0000;0.1501;0.5
PIMACO;0087 Address;1.7478;0.4999;8.5000;11.0000;4;20;0.1220;0.0000;0.5711;0.5
PIMACO;5580-A Shipping;2.6258;0.9999;8.5000;11.0000;3;10;0.1220;0.0000;0.1891;0.5
PIMACO;5580-M Shipping;2.6258;0.9999;8.5000;11.0000;3;10;0.1220;0.0000;0.1891;0.5
PIMACO;5580-V Shipping;2.6258;0.9999;8.5000;11.0000;3;10;0.1220;0.0000;0.1891;0.5
PIMACO;6080 Address;2.6258;0.9999;8.5000;11.0000;3;10;0.1220;0.0000;0.1891;0.5
PIMACO;6081 Address;3.9998;0.9999;8.5000;11.0000;2;10;0.2039;0.0000;0.1501;0.5
PIMACO;6082 Address;3.9998;1.3349;8.5000;11.0000;2;7;0.2039;0.0000;0.1501;0.835
PIMACO;6083 Shipping;3.9998;1.9999;8.5000;11.0000;2;5;0.2039;0.0000;0.1501;0.5
PIMACO;6084 Shipping;3.9998;3.3349;8.5000;11.0000;2;3;0.2039;0.0000;0.1501;0.5
PIMACO;6086 Shipping;8.3738;5.4369;8.5000;11.0000;1;2;0.0000;0.0000;0.0631;0.063
PIMACO;6087 Address;1.7478;0.4999;8.5000;11.0000;4;20;0.1220;0.0000;0.5711;0.5
PIMACO;6088 Parcel;4.1889;5.4368;8.5000;11.0000;2;2;0.0000;0.0000;0.0630;0.0631
PIMACO;6089 Address;1.7518;0.6649;8.5000;11.0000;4;15;0.1180;0.0000;0.5711;0.4999
PIMACO;6180 Address;2.6258;0.9999;8.5000;11.0000;3;10;0.1220;0.0000;0.1891;0.4999
PIMACO;6181 Address;3.9998;0.9999;8.5000;11.0000;2;10;0.2039;0.0000;0.1501;0.4999
PIMACO;6182 Address;3.9998;1.3349;8.5000;11.0000;2;7;0.2039;0.0000;0.1501;0.8349
PIMACO;6183 Shipping;3.9998;1.9999;8.5000;11.0000;2;5;0.2035;0.0000;0.1505;0.4999
PIMACO;6184 Shipping;3.9998;3.3349;8.5000;11.0000;2;3;0.2035;0.0000;0.1505;0.4999
PIMACO;6187 Address;1.7478;0.4999;8.5000;11.0000;4;20;0.1220;0.0000;0.5709;0.4999
PIMACO;6280 Address;2.6258;0.9999;8.5000;11.0000;3;10;0.1221;0.0000;0.1889;0.4999
PIMACO;6281 Address;3.9998;0.9999;8.5000;11.0000;2;10;0.2041;0.0000;0.1499;0.4999
PIMACO;6282 Address;3.9999;1.3349;8.5000;11.0000;2;7;0.2041;0.0000;0.1499;0.8349
PIMACO;6283 Shipping;3.9999;1.9999;8.5000;11.0000;2;5;0.2041;0.0000;0.1499;0.4999
PIMACO;6284 Shipping;3.9999;3.3349;8.5000;11.0000;2;3;0.2041;0.0000;0.1499;0.4999
PIMACO;6286 Shipping;8.3739;5.4368;8.5000;11.0000;1;2;0.0000;0.0000;0.0629;0.0629
PIMACO;6287 Address;1.7479;0.4998;8.5000;11.0000;4;20;0.1220;0.0000;0.5709;0.4999
PIMACO;8096 Diskette;2.7479;2.7478;8.5000;11.0000;3;3;0.0000;0.2521;0.1259;0.4999
PIMACO;8098 Audio Cassette;3.4999;1.6648;8.5000;11.0000;2;6;0.5001;0.0000;0.4999;0.4999
PIMACO;8099-F Video - Face;3.0630;1.8348;8.5000;11.0000;2;5;0.2361;0.0000;1.0709;0.9169
PIMACO;8099-L Video - Spine;5.8110;0.6648;8.5000;11.0000;1;15;0.0000;0.0000;1.3429;0.4999
PIMACO;8296 Diskette;2.7480;2.7478;8.5000;11.0000;3;3;0.0000;0.2521;0.1259;0.4999
PIMACO;A4350 Address;3.8980;2.1968;8.2677;11.6929;2;5;0.1018;0.0000;0.1849;0.3539
PIMACO;A4351 Price;1.5040;0.8348;8.2677;11.6929;5;13;0.0985;0.0000;0.1769;0.4209
PIMACO;A4354 Address;3.8980;0.9998;8.2677;11.6929;2;11;0.1018;0.0000;0.1849;0.3459
PIMACO;A4355 Address;2.5000;1.2198;8.2677;11.6929;3;9;0.1024;0.0000;0.2829;0.3538
PIMACO;A4356 Address;2.5000;0.9998;8.2677;11.6929;3;11;0.1024;0.0000;0.2829;0.3458
PIMACO;A4360 Address;2.5000;1.4998;8.2677;11.6929;3;7;0.1024;0.0000;0.2829;0.5978
PIMACO;A4361 Address;2.5000;1.8308;8.2677;11.6929;3;6;0.1024;0.0000;0.2829;0.3578
PIMACO;A4362 Address;3.8980;1.3348;8.2677;11.6929;2;8;0.1018;0.0000;0.1849;0.5078
PIMACO;A4363 Address;3.8980;1.4998;8.2677;11.6929;2;7;0.1018;0.0000;0.1849;0.5978
PIMACO;A4364 Address;2.5000;2.8308;8.2677;11.6929;3;4;0.1024;0.0000;0.2829;0.1848
PIMACO;A4365 Address;3.8980;2.6688;8.2677;11.6929;2;4;0.1018;0.0000;0.1849;0.5118
PIMACO;A4366 Address;3.8980;3.6608;8.2677;11.6929;2;3;0.1018;0.0000;0.1849;0.3538
PIMACO;A4368 Shipping;7.8700;5.6458;8.2677;11.6929;1;2;0.0000;0.0000;0.2009;0.2008
RankXerox;003R93175 Diskette;2.7560;2.7949;8.2677;11.6929;2;4;1.1018;0.0000;0.8269;0.2558
RankXerox;003R93177 Address;1.4960;0.8269;8.2677;11.6929;5;13;0.0000;0.0000;0.3939;0.4718
RankXerox;003R93353 Address;3.8980;2.6769;8.2677;11.6929;2;4;0.1098;0.0000;0.1969;0.5118
RankXerox;003R93354 Address;3.8979;1.4959;8.2677;11.6929;2;7;0.1098;0.0000;0.1969;0.5908
RankXerox;003R93355 Address;3.8979;1.3389;8.2677;11.6929;2;8;0.1098;0.0000;0.1969;0.5118
RankXerox;003R93356 Address;2.4999;1.4959;8.2677;11.6929;3;7;0.0984;0.0000;0.2759;0.5908
RankXerox;003R93873 Address;3.8979;3.6609;8.2677;11.6929;2;3;0.0978;0.0000;0.1889;0.3538
RankXerox;003R93874 Address;3.8981;2.6769;8.2677;11.6929;2;4;0.0978;0.0000;0.1889;0.4918
RankXerox;003R93875 Address;3.8981;1.4959;8.2677;11.6929;2;7;0.0978;0.0000;0.1889;0.6098
RankXerox;003R93876 Address;2.5201;1.3779;8.2677;11.6929;3;8;0.0978;0.0000;0.2562;0.3348
RankXerox;003R96225 Address;4.1341;1.4569;8.2677;11.6929;2;8;0.0000;0.0000;0.0002;0.0198
RankXerox;003R96227 Address;2.7561;1.4569;8.2677;11.6929;3;8;0.0000;0.0000;0.0002;0.0198
RankXerox;003R96235 Address;4.1341;1.4569;8.2677;11.6929;2;8;0.0000;0.0000;0.0002;0.0198
RankXerox;003R96237 Address;2.7561;1.4569;8.2677;11.6929;3;8;0.0000;0.0000;0.0002;0.0198
RankXerox;003R96245 Address;4.1341;1.4569;8.2677;11.6929;2;8;0.0000;0.0000;0.0002;0.0198
RankXerox;003R96247 Address;2.7561;1.4568;8.2677;11.6929;3;8;0.0000;0.0000;0.0002;0.0198
RankXerox;003R96255 Address;4.1341;1.4568;8.2677;11.6929;2;8;0.0000;0.0000;0.0002;0.0198
RankXerox;003R96257 Address;2.7561;1.4568;8.2677;11.6929;3;8;0.0000;0.0000;0.0002;0.0203
RankXerox;003R96265 Address;4.1341;1.4568;8.2677;11.6929;2;8;0.0000;0.0000;0.0002;0.0203
RankXerox;003R96267 Address;2.7561;1.4568;8.2677;11.6929;3;8;0.0000;0.0000;0.0002;0.0203
RankXerox;003R96281 Address;4.0941;1.4168;8.2677;11.6929;2;8;0.0200;0.0000;0.0392;0.1773
RankXerox;003R96282 Address;2.6771;1.4168;8.2677;11.6929;3;8;0.0000;0.0000;0.1182;0.1773
RankXerox;003R96283 Address;4.0941;2.8348;8.2677;11.6929;2;4;0.0015;0.0000;0.0392;0.1773
RankXerox;003R96284 Address;4.0941;2.2828;8.2677;11.6929;2;5;0.0015;0.0000;0.0392;0.1383
RankXerox;003R96288 Address;3.8981;3.6608;8.2677;11.6929;2;3;0.0000;0.0000;0.3942;0.3543
RankXerox;003R96289 Address;3.8981;1.4958;8.2677;11.6929;2;7;0.0975;0.0000;0.1892;0.6103
RankXerox;003R96296 Address;3.8941;1.3388;8.2677;11.6929;2;8;0.1015;0.0000;0.1892;0.4923
RankXerox;003R96297 Address;2.5001;1.8308;8.2677;11.6929;3;6;0.0988;0.0000;0.2872;0.3543
RankXerox;003R96298 Address;2.5001;1.4958;8.2677;11.6929;3;7;0.0988;0.0000;0.2871;0.6103
RankXerox;003R97401 Address;8.2681;5.8458;8.2677;11.6929;1;2;0.0000;0.0000;0.0001;0.0003
RankXerox;003R97404 Address;4.1341;2.7948;8.2677;11.6929;2;4;0.0000;0.0000;0.0001;0.2563
RankXerox;003R97405 Address;4.1341;1.7318;8.2677;11.6929;2;6;0.0000;0.0000;0.0001;0.6503
RankXerox;003R97407 Address;4.1341;1.4569;8.2677;11.6929;2;8;0.0000;0.0000;0.0001;0.0203
RankXerox;003R97408 Address;2.7561;1.4569;8.2677;11.6929;3;8;0.0000;0.0000;0.0001;0.0203
RankXerox;003R97409 Address;2.7561;1.1689;8.2677;11.6929;3;10;0.0000;0.0000;0.0001;0.0003
RankXerox;003R97410 Address;2.7561;0.9839;8.2677;11.6929;3;11;0.0000;0.0000;0.0001;0.4333
RankXerox;003R97410 Address;2.7561;0.9449;8.2677;11.6929;3;12;0.0000;0.0000;0.0001;0.1767
RankXerox;926L90102 Address;4.0941;2.7949;8.2677;11.6929;2;4;0.0016;0.0000;0.0391;0.2557
RankXerox;926L90146 Address;3.8311;1.8029;8.2677;11.6929;2;6;0.1576;0.0986;0.4131;0.1967
RankXerox;926L90200 Address;3.5041;1.4569;8.2677;11.6929;2;8;0.0000;0.0000;0.6301;0.0197
RankXerox;926L90201 Address;3.8189;1.8499;8.2677;11.6929;2;6;0.1376;0.1186;0.3151;0
RankXerox;926L90214 Address;7.8739;2.9129;8.2677;11.6929;1;4;0.0000;0.0000;0.3941;0.0387
RankXerox;926L90223 Address;2.0669;0.9719;8.2677;11.6929;4;12;0.0000;0.0000;0.0001;0.0117
RankXerox;926L90225 Address;2.7563;5.8459;8.2677;11.6929;3;2;0.0000;0.0000;0.0001;0
RankXerox;926L90237 Address;2.7173;1.4606;8.2677;11.6929;3;8;0.0000;0.0000;0.0591;0
RankXerox;926L90238 Address;4.1143;1.4566;8.2677;11.6929;2;8;0.0000;0.0000;0.0201;0.0197
RankXerox;926L90253 Address;4.1343;3.6216;8.2677;11.6929;2;3;0.0000;0.0000;0.0001;0.8067
RankXerox;926L90263 Address;8.1893;5.8456;8.2677;11.6929;1;2;0.0000;0.0000;0.0001;0
RankXerox;926L90264 Address;4.0943;1.6686;8.2677;11.6929;2;7;0.0016;0.0000;0.0391;0
RankXerox;926L90270 Video - Spine;1.8503;3.5036;8.2677;11.6929;4;3;0.0795;0.0786;0.1571;0.1177
RankXerox;926L90271 Address;1.0243;2.9226;8.2677;11.6929;8;4;0.0000;0.0000;0.0391;0
RankXerox;926L90298 Address;1.3703;1.5746;8.2677;11.6929;6;7;0.0000;0.0000;0.0311;0.3349
RankXerox;926L90451 Address;0.8858;1.8702;8.2677;11.6929;8;6;0.0787;0.0946;0.4716;0
RankXerox;926L90457 Address;3.8578;1.8702;8.2677;11.6929;2;6;0.0801;0.0790;0.3536;0.0388
RankXerox;926L92002 Video - Spine;3.8388;1.0002;8.2677;11.6929;2;11;0.1961;0.0000;0.1966;0.3348
RankXerox;926L92033 Address;3.5038;1.8502;8.2677;11.6929;2;6;0.0000;0.0000;0.6300;0.2948
RankXerox;926L92050 Address;2.7358;1.6692;8.2677;11.6929;3;7;0.0000;0.0000;0.0200;0
RankXerox;926L92069 Address;2.7558;2.6652;8.2677;11.6929;3;4;0.0000;0.0000;0.0000;0.4718
RankXerox;926L92096 Address;3.8578;1.8702;8.2677;11.6929;2;6;0.0797;0.0790;0.3540;0.0388
RankXerox;926L92133 Address;8.1888;5.8072;8.2677;11.6929;1;2;0.0000;0.0000;0.0000;0
RankXerox;926L92135 Address;4.0938;1.6142;8.2677;11.6929;2;7;0.0017;0.0000;0.0390;0.1968
Zweckform;3420 Ink Jet & Laser;2.7560;0.6650;8.2677;11.6929;3;17;0.0000;0.0000;0.0000;0.1879
Zweckform;3421 Ink Jet & Laser;2.7560;1.0000;8.2677;11.6929;3;11;0.0000;0.0000;0.0000;0.3435
Zweckform;3422 Ink Jet & Laser;2.7560;1.3780;8.2677;11.6929;3;8;0.0000;0.0000;0.0000;0.3323
Zweckform;3423 Ink Jet & Laser;4.1340;1.3780;8.2677;11.6929;2;8;0.0000;0.0000;0.0000;0.3324
Zweckform;3424 Ink Jet & Laser;4.1340;1.8900;8.2677;11.6929;2;6;0.0000;0.0000;0.0000;0.1741
Zweckform;3425 Ink Jet & Laser;4.1340;2.2440;8.2677;11.6929;2;5;0.0000;0.0000;0.0000;0.232
Zweckform;3426 Ink Jet & Laser;4.1340;2.7560;8.2677;11.6929;2;4;0.0000;0.0000;0.0000;0.3322
Zweckform;3427 Ink Jet & Laser;4.1340;2.9210;8.2677;11.6929;2;4;0.0000;0.0000;0.0000;0
Zweckform;3474 Ink Jet & Laser;2.7560;1.4610;8.2677;11.6929;3;8;0.0000;0.0000;0.0000;0
Zweckform;3475 Ink Jet & Laser;2.7560;1.4170;8.2677;11.6929;3;8;0.0000;0.0000;0.0000;0.1741
Zweckform;3477 Ink Jet & Laser;4.1340;1.6140;8.2677;11.6929;2;7;0.0000;0.0000;0.0000;0.1939
Zweckform;3478 Ink Jet & Laser;8.2677;11.6929;8.2677;11.6929;1;1;0.0000;0.0000;0.0000;0
Zweckform;3479 Ink Jet & Laser;2.7560;1.2600;8.2677;11.6929;3;9;0.0000;0.0000;0.0000;0.1928
Zweckform;3481 Ink Jet & Laser;2.7560;1.6140;8.2677;11.6929;3;7;0.0000;0.0000;0.0000;0.1937
Zweckform;3483 Ink Jet & Laser;4.1340;5.8440;8.2677;11.6929;2;2;0.0000;0.0000;0.0000;0
Zweckform;3484 Ink Jet & Laser;4.1340;1.4610;8.2677;11.6929;2;8;0.0000;0.0000;0.0000;0
Zweckform;3489 Ink Jet & Laser;2.7560;1.1690;8.2677;11.6929;3;10;0.0000;0.0000;0.0000;0
Zweckform;3490 Ink Jet & Laser;2.7560;1.4170;8.2677;11.6929;3;8;0.0000;0.0000;0.0000;0.175
Zweckform;3651 Ink Jet & Laser;2.0670;1.1690;8.2677;11.6929;4;10;0.0000;0.0000;0.0000;0
Zweckform;3652 Ink Jet & Laser;2.7560;1.6700;8.2677;11.6929;3;7;0.0000;0.0000;0.0000;0
Zweckform;3653 Ink Jet & Laser;4.1340;1.6700;8.2677;11.6929;2;7;0.0000;0.0000;0.0000;0
Zweckform;3655 Ink Jet & Laser;8.2680;5.8440;8.2677;11.6929;1;2;0.0000;0.0000;0.0000;0
Zweckform;3657 Ink Jet & Laser;1.9090;1.0000;8.2677;11.6929;4;10;0.0000;0.0000;0.3145;0.8461
Zweckform;3658 Ink Jet & Laser;2.5430;1.3310;8.2677;11.6929;3;8;0.0000;0.0000;0.3145;0.5302
Zweckform;3659 Ink Jet & Laser;3.8190;1.6650;8.2677;11.6929;2;6;0.0000;0.0000;0.3145;0.8462
Zweckform;3660 Ink Jet & Laser;3.8190;2.6650;8.2677;11.6929;2;4;0.0000;0.0000;0.3145;0.5302
Zweckform;3661 Ink Jet & Laser;2.7560;2.6650;8.2677;11.6929;3;4;0.0000;0.0000;0.0000;0.513
Zweckform;3664 Ink Jet & Laser;2.7560;1.3310;8.2677;11.6929;3;8;0.0000;0.0000;0.0000;0.5239
Zweckform;3665 Ink Jet & Laser;4.1340;1.3310;8.2677;11.6929;2;8;0.0000;0.0000;0.0000;0.5238
Zweckform;3666 Ink Jet & Laser;1.5000;0.8350;8.2677;11.6929;5;13;0.0000;0.0000;0.3841;0.419
Zweckform;3667 Ink Jet & Laser;1.9090;0.6650;8.2677;11.6929;4;16;0.0000;0.0000;0.3148;0.5211
Zweckform;3668 Ink Jet & Laser;2.0670;0.8350;8.2677;11.6929;4;14;0.0000;0.0000;0.0000;0
Zweckform;3669 Ink Jet & Laser;2.7560;2.0000;8.2677;11.6929;3;5;0.0000;0.0000;0.0000;0.8442
Zweckform;3688 File Label;7.5590;2.4020;8.2677;11.6929;1;4;0.0000;0.0000;0.3538;1.0411
Zweckform;3689 File Label;7.5590;1.4960;8.2677;11.6929;1;7;0.0000;0.0000;0.3538;0.6072
Zweckform;3691 File Label;7.5590;2.4020;8.2677;11.6929;1;4;0.0000;0.0000;0.3538;1.0411
Zweckform;3692 File Label;7.5590;2.4020;8.2677;11.6929;1;4;0.0000;0.0000;0.3538;1.0411
Zweckform;3693 File Label;7.5590;2.4020;8.2677;11.6929;1;4;0.0000;0.0000;0.3538;1.0411
Zweckform;3694 File Label;7.5590;2.4020;8.2677;11.6929;1;4;0.0000;0.0000;0.3538;1.0411
Zweckform;3696 File Label;7.5590;1.4960;8.2677;11.6929;1;7;0.0000;0.0000;0.3538;0.6081
Zweckform;3697 File Label;7.5590;1.4960;8.2677;11.6929;1;7;0.0000;0.0000;0.3538;0.6081
Zweckform;3698 File Label;7.5590;1.4960;8.2677;11.6929;1;7;0.0000;0.0000;0.3538;0.6081
Zweckform;3699 File Label;7.5590;1.4960;8.2677;11.6929;1;7;0.0000;0.0000;0.3538;0.6081
Zweckform;4702 Ink Jet & Laser;1.7990;0.3940;8.2677;5.8270;4;12;0.1002;0.0000;0.3850;0.5601
Zweckform;4703 Ink Jet & Laser;1.7990;0.6650;8.2677;5.8270;4;7;0.1002;0.0000;0.3850;0.5929
Zweckform;4704 Laser;2.3620;2.3620;8.2677;5.8270;3;2;0.2759;0.2759;0.3149;0.4218
Zweckform;4705 Ink Jet & Laser;2.5000;1.1650;8.2677;5.8270;3;4;0.0998;0.0000;0.2841;0.5912
Zweckform;4706 Ink Jet & Laser;2.7560;2.6650;8.2677;5.8270;2;2;0.7877;0.0000;0.9838;0.2551
Zweckform;4707 Ink Jet & Laser;3.0980;1.8350;8.2677;5.8270;2;2;0.1017;0.0000;0.9849;1.0868
Zweckform;4708 Ink Jet & Laser;3.5040;1.6650;8.2677;5.8270;2;3;0.0997;0.0000;0.5801;0.4221
Zweckform;4709 Ink Jet & Laser;3.7800;1.6650;8.2677;5.8270;2;3;0.0997;0.0000;0.3041;0.4221
Zweckform;4710 Ink Jet & Laser;3.7800;2.5000;8.2677;5.8270;2;2;0.0997;0.0000;0.3041;0.4221
Zweckform;4711 Ink Jet & Laser;5.7990;0.6650;8.2677;5.8270;1;7;0.0000;0.0000;1.2351;0.5889
Zweckform;4730 Ink Jet & Laser;0.7000;0.3900;8.2677;11.6929;10;27;0.1000;0.0000;0.1840;0.53
Zweckform;4731 Ink Jet & Laser;1.0000;0.3900;8.2677;11.6929;7;27;0.1000;0.0000;0.3300;0.53
Zweckform;4732 Ink Jet & Laser;1.4000;0.6670;8.2677;11.6929;5;16;0.0999;0.0000;0.4339;0.511
Zweckform;4733 Ink Jet & Laser;4.1340;5.8440;8.2677;11.6929;2;2;0.0000;0.0000;0.0000;0
Zweckform;4734 Ink Jet & Laser;8.2680;5.8440;8.2677;11.6929;1;2;0.0000;0.0000;0.0000;0
Zweckform;4735 Ink Jet & Laser;8.2677;11.6929;8.2677;11.6929;1;1;0.0000;0.0000;0.0000;0
Zweckform;4736 Ink Jet & Laser;1.8000;0.8330;8.2677;11.6929;4;12;0.0999;0.0000;0.3841;0.8441
Zweckform;4737 Ink Jet & Laser;2.5000;1.1670;8.2677;11.6929;3;9;0.0999;0.0000;0.2837;0.5941
Zweckform;4738 Ink Jet & Laser;2.7560;2.0000;8.2677;11.6929;2;5;0.7877;0.0000;0.9834;0.8438
Zweckform;4739 Ink Jet & Laser;2.7560;2.0000;8.2677;11.6929;2;5;0.7877;0.0000;0.9834;0.8441
Zweckform;4740 Ink Jet & Laser;2.7560;2.6670;8.2677;11.6929;2;4;0.7877;0.0000;0.9834;0.5101
Zweckform;4741 Ink Jet & Laser;2.7560;2.6670;8.2677;11.6929;2;4;0.7877;0.0000;0.9834;0.5101
Zweckform;4742 Ink Jet & Laser;3.1000;1.8330;8.2677;11.6929;2;6;0.0997;0.0000;0.9834;0.345
Zweckform;4743 Ink Jet & Laser;3.7800;1.6670;8.2677;11.6929;2;6;0.0997;0.0000;0.3040;0.8451
Zweckform;4744 Ink Jet & Laser;3.7800;2.0000;8.2677;11.6929;2;5;0.0997;0.0000;0.3040;0.8451
Zweckform;4745 Ink Jet & Laser;3.7800;2.5000;8.2677;11.6929;2;4;0.0997;0.0000;0.3040;0.8451
Zweckform;4746 Ink Jet & Laser;5.8000;0.7870;8.2677;11.6929;1;13;0.0000;0.0000;1.2341;0.7258
Zweckform;4760 File Labels;7.5590;1.4960;8.2677;11.6929;1;7;0.0000;0.0000;0.3538;0.6068
Zweckform;4761 File Labels;7.5590;2.4020;8.2677;11.6929;1;4;0.0000;0.0000;0.3538;1.0411
Zweckform;4762 File Labels;7.5590;1.4960;8.2677;11.6929;1;7;0.0000;0.0000;0.3538;0.6068
Zweckform;4763 File Labels;7.5590;1.4960;8.2677;11.6929;1;7;0.0000;0.0000;0.3538;0.6068
Zweckform;4764 File Labels;7.5590;1.4960;8.2677;11.6929;1;7;0.0000;0.0000;0.3538;0.6068
Zweckform;4765 File Labels;7.5590;1.4960;8.2677;11.6929;1;7;0.0000;0.0000;0.3538;0.6068
Zweckform;4766 File Labels;7.5590;2.4020;8.2677;11.6929;1;4;0.0000;0.0000;0.3538;1.0411
Zweckform;4767 File Labels;7.5590;2.4020;8.2677;11.6929;1;4;0.0000;0.0000;0.3538;1.0411
Zweckform;4768 File Labels;7.5590;2.4020;8.2677;11.6929;1;4;0.0000;0.0000;0.3538;1.0411
Zweckform;4769 File Labels;7.5590;2.4020;8.2677;11.6929;1;4;0.0000;0.0000;0.3538;1.0411
Zweckform;4770 Laser;1.9090;1.0000;8.2677;11.6929;4;10;0.0000;0.0000;0.3152;0.8457
Zweckform;4771 Laser;2.7560;1.4610;8.2677;11.6929;3;8;0.0000;0.0000;0.0000;0
Zweckform;4772 Laser;3.8190;1.6650;8.2677;11.6929;2;6;0.0000;0.0000;0.3152;0.8471
Zweckform;4773 Laser;2.5430;1.3310;8.2677;11.6929;3;8;0.0000;0.0000;0.3152;0.5291
Zweckform;4774 Laser;4.1340;5.8440;8.2677;11.6929;2;2;0.0000;0.0000;0.0000;0
Zweckform;4776 Laser;3.8190;1.6650;8.2677;11.6929;2;6;0.0000;0.0000;0.3152;0.8459
Zweckform;4780 Ink Jet & Laser;1.9090;1.0000;8.2677;11.6929;4;10;0.0000;0.0000;0.3152;0.8459
Zweckform;4781 Ink Jet & Laser;3.8190;1.6650;8.2677;11.6929;2;6;0.0000;0.0000;0.3152;0.8459
Zweckform;4782 Ink Jet & Laser;3.8190;2.6650;8.2677;11.6929;2;4;0.0000;0.0000;0.3152;0.5283
Zweckform;4790 Ink Jet Label;1.5750;1.5750;8.2677;11.6929;4;6;0.2360;0.2360;0.6302;0.5283
Zweckform;4791 Ink Jet Label;1.8000;0.8330;8.2677;11.6929;4;12;0.0999;0.0000;0.3838;0.843
Zweckform;4792 Ink Jet Label;2.5000;1.1670;8.2677;11.6929;3;9;0.0999;0.0000;0.2839;0.593
Zweckform;4793 Ink Jet Label;3.7800;1.6670;8.2677;11.6929;2;6;0.0997;0.0000;0.3042;0.843
Zweckform;4794 Ink Jet Label;3.7800;2.5000;8.2677;11.6929;2;4;0.0997;0.0000;0.3042;0.843
